1002304 2006109
3001187 1002921
1004044 2004379
3004865 2023197
3002527 1001096
3006159 1003452
1000368 2005972
1003772 2030825
1004079 2015385
3003914 2027536
1001416 2003631
3002378 2002204
1004555 2024834
3003612 1001945
3000811 2006900
1000548 2001238
1004599 2025022
3004649 1002367
3003084 1004114
3000824 2030843
3000796 2020420
1000044 2004036
1002873 2028087
1003935 2017829
1003462 2009547
3000074 2028848
3001518 1004072
1002910 2020679
3005729 2003995
1004760 2007718
3005267 2021517
3007068 1001236
1002394 2029604
3005997 1001736
3006829 2016134
3005611 1000516
3001847 2027320
3006367 2002393
3006304 2013527
3005991 2019292
3005873 1001373
3007448 2003761
1003410 2011995
1003722 2027320
3002251 2025426
3004860 2021517
3000225 2021508
1001966 2027195
1001806 2008461
3003988 2010188
1003543 2017931
1002326 2008290
3002453 1002740
1001392 2026076
3004362 2008584
1004032 2018399
3002748 2021805
1003713 2029097
3000239 1000765
3002143 2022223
1004484 2018863
3007639 2019745
1003235 2031729
1000637 2008679
3003415 1003462
3007511 2017342
1003920 2028020
3007309 2010746
1002414 2029565
1004217 2014528
1001689 2004538
1004116 2001583
3000385 2010939
1003031 2008369
3005285 2010637
3002786 2003431
3000701 2009809
1003203 2029652
3004461 1001954
3001138 1002598
1000893 2015453
1004116 2002739
3007925 2031366
1003444 2015809
1002955 2004956
3004888 1003385
3006168 2019804
3003061 2030958
1003359 2008298
3004749 2005949
1003245 2010775
3002162 2030265
1002217 2004962
3006812 2029272
3004793 2010087
1002451 2011510
1002606 2008011
1003115 2022966
1002993 2013735
3006089 2003534
1003132 2019147
3003768 2017427
1002015 2021352
1002441 2024562
3005257 2016572
1003268 2017378
1002531 2001126
3001342 1001348
1004216 2012951
3007121 2031178
3005207 2013176
1002379 2012811
3005209 2013479
3003390 1003309
1002870 2032692
3003982 2023700
3001631 2001355
3003028 2021719
3000107 2018845
1003188 2032346
3005938 2006535
1003749 2006212
1003644 2021648
3001468 1000700
3007256 2015934
1000606 2010913
1004213 2018845
1000431 2031368
1004473 2026496
3003221 2009965
1002917 2015720
1004275 2009724
1003106 2016731
3001360 2014522
1004012 2020238
3007090 2005230
3006653 2022592
1001012 2004557
1000607 2028757
3007866 2003083
1001242 2023339
1000894 2005731
1000170 2029353
1003330 2007281
1004366 2001727
3006489 2032720
3006696 2000531
3002769 1001499
1003373 2007913
1000358 2004872
1000682 2008715
3003384 1003384
3004350 1003213
1000842 2011324
3005221 1000541
1003603 2027320
3004877 2028168
3001725 2027363
1001773 2027880
1000631 2029330
1004646 2015783
3005593 2023460
1002482 2006083
3004961 2017794
3005019 2013064
3002860 1002393
1002590 2006631
1002677 2002864
3007997 2029069
3006255 1000535
1003248 2014797
1004264 2022223
3003534 2018373
3001361 1003791
3005556 2016018
1004175 2017616
1003631 2007179
1004600 2032492
1003378 2022149
3000881 2013841
1002461 2012677
1002677 2029811
1003786 2028905
3003977 2032654
1002364 2017191
3007039 2015001
1001451 2020313
3003455 2015416
3002712 2018612
3002469 1001763
1002646 2000002
1002092 2024077
3000326 2021130
1003982 2013393
3007189 2006412
3002681 2022613
1003927 2024164
1002202 2023153
1002184 2024336
1004480 2011763
3002359 2024221
1001281 2023698
3004095 2028758
3007858 1003866
1002587 2014459
1002429 2014441
1003644 2026190
3003510 2001808
1003851 2015567
1000124 2013953
1004051 2031295
3001030 2005612
1002308 2012951
3006322 1003241
3007256 2021517
3000167 1004511
3005501 1000325
1003786 2014003
1003155 2000044
1000631 2026797
3005653 2007593
1000620 2008894
3006315 1003464
1004574 2002781
3007452 2032582
1003616 2024921
1001105 2022657
3005872 1003976
1001619 2010032
3001303 2026642
3003448 2032500
3002742 2008737
1000233 2011722
3002655 2001278
3007000 2014394
3008032 2023349
3001443 2010039
3002919 2002876
1001355 2015690
3001035 1004548
1001170 2028295
3000127 2003193
1001532 2027787
1004422 2009724
1004631 2012937
3005402 2002214
1001168 2005792
3005214 2025154
1001175 2000308
3003628 2031571
3002828 2002055
3004810 1003095
3001992 1003427
1002507 2004696
1002820 2013242
1000880 2028798
1003819 2012669
1000588 2021334
3002651 2030448
3004868 2026131
3000659 2021666
3005812 2024033
1001997 2012152
1003049 2029030
3004233 2013016
3003577 2032110
1003278 2032325
3003724 2011934
1001713 2019215
3003479 1001203
3005015 2018151
1001826 2028498
3005037 2030725
3006799 2031881
1003464 2025506
3002666 2015604
3007479 2031734
1000610 2022781
1003150 2020678
1002328 2013703
1003320 2005792
1003242 2014663
3000964 2023222
1002036 2014270
1001754 2001993
3001307 2009552
1003022 2029346
3003997 2019872
3002207 2020077
1004765 2001352
1001370 2010112
1004751 2010158
3000037 2016736
1002860 2014604
1004723 2018379
3004567 2028938
3005185 2024586
1004043 2018452
1003155 2018715
1000004 2031798
1002675 2015690
1001593 2021487
3006273 1004237
3003474 2029073
3006854 2002420
1003336 2004277
1002814 2026844
3001725 2010654
3001624 1000421
1002441 2015597
3000486 1001804
1002016 2022299
1003237 2025121
3001079 2028335
1002364 2025988
3003376 1004498
3006029 2029606
3000796 2006212
3007667 2016419
3001966 2022273
3005462 2013627
3001243 2015113
1000464 2000606
1002767 2030913
3001205 2028079
1002197 2008170
3001337 2001238
3006572 2008552
1001712 2018612
1001220 2000608
1002059 2023359
1004263 2001703
1001523 2001704
3006422 1004073
3003383 2016805
1003552 2023778
3007122 2027757
1001712 2028569
1003460 2012370
3001075 2008094
3000399 2012303
3000322 1002621
1001134 2023980
3000983 1002542
1001361 2011135
1003835 2002005
1003666 2023369
3000034 2029737
3000438 2031468
1001306 2005615
1004197 2023460
3005371 2015544
3004248 1003897
3007256 1004430
3003174 2010780
3000370 2031874
3001355 2026976
1002990 2027435
1000701 2011786
1003671 2024312
3002746 2015559
3003606 1000009
1002908 2022371
1003735 2016195
3005988 2020368
1001049 2000862
3004353 1001594
1001548 2031041
1003022 2012049
1000798 2003882
3006464 2003257
3000164 2023681
3004659 2001376
3006039 1001007
3006497 2004652
1000275 2005108
3000892 2016320
1000661 2014603
1002655 2023569
3005842 2021119
3001281 1003999
1003548 2024311
3007442 1003382
3007745 2029330
1003884 2031770
3002998 1002921
1003744 2020913
1004630 2002812
3005332 2021459
3001985 1002067
1004705 2032190
3005469 2020060
3002046 2030382
3005697 2022537
1002076 2002214
3002944 2000474
3001313 2029069
3003222 2021517
1001810 2023324
1000725 2031326
3007562 1000997
3001091 2006618
1004157 2025182
3004529 2028337
1001682 2009631
3000164 2009031
3006297 2010794
1002656 2012058
1000691 2012869
1001039 2004113
3002469 2010938
1003591 2006602
3004793 2011714
1004290 2029069
1003446 2005805
1001449 2025950
1001873 2012663
1002082 2003629
3006008 2025225
3003149 2026076
3005802 2022273
1000301 2023375
3001729 2026745
1001770 2020151
1002824 2017191
3007025 1000874
1004768 2030275
3001398 2008124
3004242 2003440
1004610 2007960
1004113 2019187
1001430 2026734
1000286 2030463
3002001 2020481
1003951 2014067
3004600 2011909
3007599 2003114
1001113 2002878
3001173 1003197
1000736 2025274
3001657 2003443
3001146 2019127
1003634 2018053
3001511 2023874
3006128 2030014
3002275 2010240
3001253 2003257
3003350 2006618
3006608 2010913
3006678 2013401
3002931 2029737
1001528 2002214
1002051 2023324
3001619 2004764
1001046 2006125
3003692 2009674
1003801 2021529
1003192 2008064
3005492 2020077
3002909 1000522
1002526 2029353
3002822 1000989
1002821 2010890
3000663 2013363
3007199 2026099
3003838 2023197
3004462 2002914
1000644 2029998
3002346 2027753
1000703 2022994
3003719 2011752
1001721 2014369
1000934 2009314
1004636 2021517
3005338 2020964
3002557 1001954
1001502 2019384
3007074 2024222
3003725 1003197
1002621 2023043
3002206 2008243
3002359 1000008
3001256 2014923
3007228 2007070
3007109 2022311
3003204 1003967
1004171 2023322
1003819 2025902
3005637 1002981
1000860 2005255
3007906 2032458
3003940 1003534
3002716 2008290
1000978 2028758
1001977 2005227
3000592 2001808
3001961 2017535
3004275 2019367
3003777 2015124
1003621 2022311
3002536 2006634
3007285 2011638
1002935 2012729
1000191 2010474
3006872 2009777
3003490 2008811
3000650 1004423
3003558 1000068
1001982 2030868
1003765 2020292
3000459 2014522
3001817 1000280
1003725 2023641
1003666 2013121
1004303 2023147
1003574 2003599
3002860 1003197
1002024 2019091
1002933 2003548
1004214 2027512
3004330 1002577
3006485 2020180
3005536 1001168
3004299 2019106
1003666 2004951
1004245 2014159
3005225 1004548
1000620 2026488
1003405 2010439
1000044 2014930
3007003 2013967
1003623 2013829
3001452 2018926
1001643 2011135
1000270 2016551
3005353 2010535
3007699 2019019
3004625 2012608
1002658 2020011
3006344 2008976
3002567 2026362
1000596 2015597
1003485 2003866
3001888 2026788
1001012 2013016
3005086 2010864
1000065 2023375
3005655 2026166
1001132 2006348
3005888 2011324
1000679 2031837
3005413 2018218
1001817 2011303
3005800 2003412
1002758 2017500
3002374 2014043
1004072 2030280
3002811 2014901
3002038 2031330
3006864 2010930
1000495 2023919
1001899 2009023
1004069 2017370
1000402 2013282
1002359 2004299
1001911 2022371
3003484 2014087
1003213 2013696
1004672 2030765
1004290 2006896
1003434 2013851
1003732 2026908
3006406 2002078
3003841 2015809
3006133 1001118
1002271 2017649
3002623 2000269
1004484 2029037
3004714 2015441
1003656 2019297
3007371 2025920
3003513 2004596
3004105 2006911
1004599 2023153
1001811 2014049
1002326 2011318
1004464 2007793
1003638 2016181
1001362 2023324
3002115 2012075
3000780 2014789
1001242 2005146
3004346 2031157
3007716 1002993
3005425 2004463
1003006 2029753
1002587 2008795
3005198 2031167
1003353 2009724
1002704 2002812
1002848 2017292
3007383 2010499
1002639 2030693
3005822 2029648
1002301 2015769
3007335 2006138
1001086 2028077
1001384 2023602
3001420 2025687
1000570 2025493
3007357 1004222
1004633 2016084
1002965 2012058
1001025 2014025
3006374 2013703
3000910 2008290
3002439 2012203
3004684 1003233
3003340 2023434
1002253 2023375
1002092 2025752
3006460 1001077
3006372 1000783
1000210 2020833
1002343 2032201
3007593 2012580
3002127 2026288
1002039 2015048
3005697 2007941
3002412 2030912
3007786 2008703
3007881 2004534
3005002 1001825
1003601 2024485
3006046 2006995
1003212 2009277
1003192 2001439
3007088 1003669
1003335 2019115
1000136 2031357
1003514 2012352
3006344 2016376
3000516 2025394
3004353 2003526
3002581 2020313
3002736 2008313
1003845 2017427
1001071 2028366
3001163 1000765
1004631 2000957
3004547 2021378
1004127 2027935
1004364 2020511
3007871 1003567
1003155 2023306
1001931 2010461
1003658 2024953
3002696 2011043
3004594 2019462
1001119 2018211
1000244 2004913
3003245 2026718
3006146 2003257
3001035 2002616
3005429 1004367
1002739 2007434
3000537 2018327
3001667 2008104
3005641 2021733
3004843 2008424
3004772 2022817
3001075 2018714
3006731 2004039
1003151 2029065
3004901 2006949
3007639 2015544
3004465 2001206
1004341 2032700
3003753 1002577
3005510 2014204
1004438 2009623
3005516 2005531
1001742 2027018
3004529 1004303
3002754 1000997
1004098 2024431
1002471 2010082
1004213 2013304
1002341 2014397
1000610 2009755
1001966 2009630
1003586 2029136
3004360 2028087
3002730 2010473
3003932 2014018
3001997 2016529
1003962 2001088
3005511 2030693
3002575 2013347
1003686 2018863
1001983 2016788
3006191 2030428
1001664 2011168
1002506 2027248
3003203 2003454
3002175 2030361
1002757 2003704
1001041 2012518
1002421 2016551
3007348 2031890
3000924 2018839
3005550 1002457
3000881 2004085
3007920 2018407
3002556 2002381
3004363 2030487
3005734 2027880
1000633 2010600
1001937 2018465
3005545 1002697
3005524 2012058
3006283 2026072
1003197 2029069
3004933 2002616
1002495 2005175
1003580 2028848
3006845 1003153
3001354 2021508
3001417 2014631
3004816 2027160
3006766 2000396
3003394 2021658
1000631 2005068
1001587 2001458
1004364 2023800
3002769 2014459
3002291 2010775
1003765 2031231
1003851 2024860
3003822 2003761
1003837 2020175
3000724 1000378
1000077 2008314
3001419 2000893
3000433 2023889
3007654 1001954
1001158 2021593
3003597 2023901
3005669 2009630
3007335 2020224
1002340 2027957
1001668 2031098
1003446 2005956
1000500 2004982
3006796 2018682
3001409 1001761
1002193 2006212
1001956 2031541
1003460 2020222
3004411 2001084
3006994 1001224
3000358 2031313
3000269 2028648
3003507 1000522
3007938 2006411
3006585 2025755
3000649 1000790
1000369 2001800
3001460 1001945
3004012 2021112
3001836 1002187
1004474 2013553
3006011 1000009
3001000 2023655
3001474 2014276
3007482 2030275
3004812 2007608
3005130 2011604
1004438 2018407
1003874 2013193
3001965 2005144
1004466 2020500
1003227 2002393
1002661 2024119
3002496 2017777
3003696 2028747
3004817 2023453
3000501 1000375
3001905 2011866
3002499 2030210
1003585 2002684
3005860 1000522
1002028 2010385
1002051 2021765
3005368 2016273
3005274 2021593
3005234 2018453
1004416 2014804
3003213 2017931
1002810 2023495
3002917 2032247
3004016 2017250
1000463 2003761
3002212 2019994
1004225 2025856
1002228 2024631
3001494 2025860
1003967 2022268
1003461 2007368
1001385 2018147
3004767 1003160
1000028 2008683
1004190 2031490
3002296 1000720
3007390 2029263
3007691 1002747
1002082 2025257
1001223 2030210
3004054 2014417
1004695 2019466
1002240 2018622
3001194 2025050
1003078 2025835
3000593 2012489
1004565 2024929
1004044 2006373
3000009 2012058
3007597 2008385
3002774 2001196
3006462 1000997
1000353 2021953
1002748 2023602
3006794 1001849
1000242 2009506
3007599 1000420
1002793 2018652
1004081 2017874
1003767 2008113
1000161 2023899
1004322 2008290
1001575 2011658
3006093 1001113
1001787 2015433
3003454 2004000
1000184 2020813
3002296 1003065
1004385 2006649
1002440 2024453
3005062 2016217
3007620 2026187
1001912 2004272
1001002 2006405
3006894 2020890
3000205 2023359
1003657 2030546
3006487 2018120
1004332 2009209
1003713 2000725
3002988 1004401
3000909 2016535
1002775 2026324
1004690 2017956
3004565 2021517
1003348 2008290
3001194 2001015
3007575 2015162
1001189 2013004
1004032 2014638
3003467 2026647
3002690 2004842
3003387 1000092
3002374 2030160
3002499 2017427
1003110 2010637
3004129 1003137
1002558 2008720
1000028 2009885
3004367 2004654
3002027 2014159
1002241 2007038
1003328 2025835
3006691 2031497
1004043 2017337
1001114 2000163
1003155 2028946
3004574 2020489
3002346 2027536
3007551 2029737
1000273 2010348
3002779 2026487
1004303 2031295
3004514 2024086
1001251 2016769
3007488 2023345
3007034 1002038
1003985 2012435
3004675 2006866
3000334 2027302
1000959 2031117
1004054 2027677
3001168 2025065
3004776 2021334
1004506 2006404
1003389 2025439
3002540 1003713
3002079 1003197
3002308 2006909
1003839 2013315
3005160 1002920
3000067 2003257
3007194 2021607
1001561 2016217
1001577 2029613
3001093 2004158
3008005 2002334
1000720 2018407
1004641 2014928
3007236 2030722
1002960 2000286
3002594 2022721
3001304 2012472
1004632 2026302
1000838 2008404
1004668 2021870
3004096 2029614
3005212 2007938
1004266 2017866
1001523 2025696
3003426 2016253
3003017 2024239
1003857 2024773
3007650 1004401
3001875 1000269
3003734 2004807
3005626 2000030
1002467 2026893
3002257 2004040
1004579 2020584
1002494 2008890
3007240 1001719
1003130 2008324
1004718 2009954
3007669 2019959
1000057 2022940
1000418 2030693
1000799 2009786
1001578 2001646
1000821 2025715
1000990 2023238
1003375 2020694
1004133 2027320
1003294 2032225
3004421 1004542
3003927 2012711
1002431 2014964
1000091 2017168
3002947 2030693
1002364 2012472
3003723 1001540
3005521 1001954
1003214 2014940
1004751 2020843
1001646 2011357
3005498 2011240
1000590 2021859
3003947 1002577
1001447 2001992
3003376 1001636
3002638 2016408
3000841 2023231
1004115 2020186
1002071 2016505
3003018 2001238
3002364 2006109
3006066 1002187
3006440 2006525
1002709 2028742
3003893 2029520
3002857 2031753
3000795 1003866
3000817 1000214
3003897 2021520
3003534 2019735
1003336 2023392
3000146 2014625
1004269 2024700
1002713 2031063
1002086 2012937
3000425 2029069
1003012 2007609
1001644 2007843
1004467 2010212
3004754 2011316
3000683 2021517
1004369 2023454
1004054 2027234
3005712 2027936
3007194 2025315
1003952 2020232
1001024 2015742
3008012 2007038
1002728 2000557
3004629 2022420
3004537 2014783
3000701 2025437
1003639 2021049
1000559 2011689
1002365 2018242
1000631 2010178
3000980 2010897
3003520 2022748
1001933 2029030
1002426 2001717
3007663 2001237
3006210 1001540
3005620 1003912
3006121 1003888
1003026 2027923
3005576 2020631
3006191 2017368
3003757 2005835
1002942 2017436
3000369 2016817
3000896 2022853
3002196 1004021
3000777 2011975
1000689 2028390
3003242 1001540
3006653 2001126
1000192 2013250
3001075 2028796
3000821 2031728
3003580 2025608
1002925 2021805
1003092 2005404
1000489 2008759
1000583 2009423
3007501 2031230
3006738 2015247
3000877 2009724
3001845 2022994
1000072 2018986
3005955 2020694
1003352 2031233
1002621 2021427
3000907 2016627
3004529 1003567
1001920 2025902
3002482 2030505
1000077 2021919
3006174 2002836
1003449 2017794
3007513 2018509
1001613 2011716
1002105 2016674
3006321 2007426
1002606 2005416
3002949 1003638
3001602 2014647
3006460 1002020
3003926 2017931
3006957 2019550
1004459 2006404
1001724 2006759
1000923 2023001
3000638 2019367
1004464 2003007
1002753 2007309
3001611 2026098
3004172 1003197
3002026 1003526
3006079 2012058
3002949 1003274
1001953 2029311
1001181 2004331
1001894 2001645
3002272 1002163
3007069 2006732
3003490 1003450
1000466 2007368
1003989 2019082
1001452 2019304
1002314 2010439
1001762 2005507
1003100 2023324
1003716 2016262
1000510 2007008
3007286 1001214
3000275 2020458
3004902 1003478
1001115 2027114
1003246 2018559
1001902 2024416
3002002 2005792
3007172 1003160
1004753 2023333
3002120 2014930
3005317 2030725
3004884 2015441
1002967 2031600
1000098 2006885
1001547 2032426
3006448 1002219
3001746 2021517
3006591 2001645
1000647 2020884
1001958 2027249
3004416 2000662
1002362 2023874
1000378 2005042
1002496 2028758
1000765 2016320
1001593 2006230
3006039 1003133
1004488 2027232
1002017 2011791
3004350 1003952
3000255 2018960
1000714 2028328
1002023 2001609
3006751 2021520
1000947 2004767
3006344 2022162
1003395 2028559
1003196 2019558
3005973 1002740
1000489 2004652
1001499 2014068
1002820 2010519
1001567 2001376
3007211 2008313
1003102 2008552
1001129 2021341
1002339 2029699
1002301 2007820
1000249 2027773
3000107 2028162
3002066 2008636
1000358 2020907
1001154 2027766
3002670 2006892
3001318 1003578
3005390 1001540
3003315 2017108
3002677 2032238
1000720 2009619
1001587 2014405
3005527 2013501
1002552 2008608
1000981 2014314
1003543 2010376
3003609 2006192
1000973 2003805
1000698 2029192
1001472 2004956
3000926 2016318
3000861 2014865
1003088 2014000
1001170 2019384
3002056 2029757
1002825 2020282
1003561 2009255
3002443 2015039
1004678 2029925
3001453 2009766
3001916 2017051
3007547 1000362
1003578 2032654
1000350 2026615
1004768 2019965
1004203 2027385
3004874 2024778
1001887 2030292
1000985 2020843
3006169 2023507
1001759 2023130
3002503 1000727
3002386 2007296
3001825 1000040
1004082 2028771
1000428 2008024
1003223 2008643
3003007 1003866
1002973 2025439
1003554 2004657
3001111 2028758
1002212 2011391
3001200 2014289
1001348 2014678
3001241 2027923
3003898 1004000
1004430 2022046
1003770 2029641
3007309 1001099
3007134 1003999
1001552 2024239
1001104 2012709
1004497 2002566
3005889 1003378
1003197 2003514
3004810 1001348
1001386 2009255
3001369 2008600
3003299 2031352
1000500 2008290
3000128 2015247
1000640 2026638
1000247 2013636
1001136 2019810
3003575 2022024
1004614 2023602
3005578 2023359
3005784 1000078
1002109 2023819
3005076 2015731
3000191 2014647
3002178 2016908
1003805 2002145
3005019 2029757
3006494 1001118
3007165 2017713
1001206 2023228
3003668 2031280
3003460 1003011
1002088 2020180
3007789 2001118
1003675 2015527
3003908 1001835
3005290 2031470
1003740 2005094
1000556 2003235
3001602 2025743
3006126 2016436
3006222 2021746
1002577 2014459
3006137 2021219
3002400 2020798
1001722 2001228
3003319 2009798
3007845 1003328
3004743 1003713
1000927 2028758
3004190 2001815
3000267 1000628
1002892 2008397
1000028 2023665
3000207 2011391
3000758 2004160
1004061 2015806
3002733 2008643
3002170 2012152
1004729 2003280
3007988 2001376
3006816 2013871
3007978 2015811
1002316 2032002
1003994 2002830
1002634 2014604
3003496 2023359
1002586 2012659
1002218 2016357
1004502 2007155
3007561 1002148
3000070 2032735
3005595 2027928
3007656 2017513
1003927 2015701
1004045 2017649
3004232 2027870
3003474 2009755
1002973 2012992
3002321 1001567
1002317 2015441
1001819 2026853
3004095 1003999
1000311 2032747
3002802 2002405
3000824 2014087
3002297 2013835
3001531 2025954
3006153 2011736
1003786 2006777
1002131 2007288
3005733 2012039
3002889 1000535
1000478 2007281
1000762 2001618
3005816 1003154
1002474 2018776
3007976 2018209
3002529 2017191
3001295 2026025
3007410 2015198
3004362 2026480
1001542 2032149
1003308 2017191
1004115 2018612
3003148 2010883
3006631 2005645
1003287 2014159
3004939 2015567
3006383 2031868
1003531 2016375
3005827 2014647
1001692 2004532
3004639 2016018
3005512 2028916
1001433 2013933
1001958 2014003
3000267 2025743
3000786 2025154
1000541 2028655
1004633 2028387
1000950 2024926
3003687 2011285
3001314 2015683
3003772 2023524
3003024 2002727
1000269 2008795
1001432 2007729
3000243 2015527
1004678 2019179
1001407 2015636
1000687 2011941
1003453 2017485
3007983 2001642
3007151 2010391
3004732 1001355
3007002 1002023
1000806 2024978
3006892 2022223
3006526 2012944
1000121 2021427
3001979 1003511
3003723 2016786
1002137 2023373
1000591 2027695
3007258 2025165
1004036 2017108
3004784 2025739
3001318 1004055
3005200 2002616
1002039 2024906
1002039 2013322
3007403 1002469
3001757 2014394
1002175 2003525
3000335 2009787
3004300 1002402
1004659 2020004
1002982 2012731
1002381 2024564
3005236 2016018
1001472 2031286
1001429 2015766
1002097 2030757
3000449 2007309
3006816 2026415
3004373 2031038
3000437 1004000
3002873 2006503
1001330 2030286
1000844 2026489
1004125 2032314
3006768 2026718
3000824 2011154
1003351 2026099
3007199 2022707
1004523 2007579
1003601 2025920
3005673 1003565
1002670 2023500
3003977 2015057
3006341 2031213
3006699 2005206
3002529 2032510
1004175 2024538
3007194 2019019
3006935 2006175
1001509 2008194
3003195 2031130
3002358 2025585
1001607 2003144
1004212 2026288
3001748 1002881
1004514 2018330
3005545 1000909
1002258 2028731
3007808 2009031
1001678 2010371
3000218 1004522
1001289 2026025
3000421 2019591
1000714 2005009
3008019 2029928
1000217 2019997
1001619 2026942
1001016 2015093
3002624 2008203
3006666 2013700
3001432 2016551
1002268 2014575
3004467 2022325
3004475 2007281
1004758 2013192
3001541 2021291
3006389 2022707
3000162 2023790
3005649 2030715
1000471 2024985
1000765 2008405
3001395 2008805
1004205 2023138
1000337 2004856
3007443 2020790
3004338 2017901
1002518 2010679
3006263 1004055
3002237 2029274
3000797 2019803
3003266 2023375
3004466 2029236
1002033 2018790
1002987 2007250
1003972 2002393
3000273 1003329
1001146 2000517
1001798 2009339
3006581 1003866
1004405 2023345
1004122 2026638
3000974 2016926
1002954 2018409
1003014 2019718
1004136 2015239
3007941 2005108
3001210 2001194
1002125 2003237
1000108 2025374
1002231 2021059
1004287 2031552
1002866 2016702
3001896 2015461
1003221 2007633
1003638 2011938
1000317 2004770
1000376 2004822
3002099 1000212
1000478 2007647
1003787 2015246
3006939 2015787
1003411 2020898
3004484 1002956
1001198 2024891
3005220 1003447
3000221 2009255
3003967 1003300
3005604 2000635
1001637 2016484
3007138 2021517
3007467 2014501
3003609 2019851
1004504 2026340
3007203 1002577
3002161 1002637
1001754 2007753
1000509 2012058
1001810 2003950
3007941 2001909
3000735 2001688
3003596 2000433
1001506 2002069
3001776 2003117
3003734 2009031
3006448 1003378
3001776 2032549
1001966 2016585
3004875 2000606
3007360 1001499
1001525 2032570
1001355 2030972
3005947 2029800
1000226 2006914
3002824 2013338
3007401 2021520
3000908 2015636
3002650 1001780
1000456 2018098
3000396 2008461
1001902 2004041
3004453 2030150
1004148 2030735
3007471 1004266
1001237 2023536
1003808 2025084
1002659 2031708
3004754 2017177
1000408 2015073
1002147 2022542
3004965 1000237
3006422 2003196
3007941 2009400
1003192 2028249
1004162 2006807
1002853 2007961
1000588 2015583
1003205 2010981
3003021 2005120
1001253 2014292
3000427 2021593
1000162 2030372
3005214 1001285
3002220 2012146
3006429 2019480
3002088 2001088
3003705 2021517
1003687 2001465
1002919 2007411
3003417 1003669
3001854 2001206
1001390 2015726
1003393 2012467
1001078 2005425
1003811 2021624
3002551 2032260
1004053 2001960
3003113 2022782
1004054 2018447
3005231 1004423
1001977 2030422
1002375 2025626
3003058 2031226
3004851 2014244
3004511 2014350
1001188 2019021
1003992 2005030
1003489 2003636
3004095 1004027
3002362 1001954
3003595 2014282
3000279 2017646
1002614 2024940
1002950 2020422
1004528 2007333
3002575 2007809
1002988 2006077
3007141 2015963
3004786 2019476
1001287 2018100
3002270 2030487
1001988 2015527
3007708 2011508
3007623 1000093
3003030 2024872
3007780 2023060
1001367 2031636
3005533 2010595
3003568 2005567
3004612 2022498
1004001 2016253
1001402 2025271
1003022 2019357
1003393 2021765
1002431 2000817
3005800 2011650
1003028 2025071
1001086 2015587
1002816 2017250
1000498 2005648
3003907 2018053
1003979 2008501
3004772 2031572
3005022 2004842
3007088 2017397
3003266 1004159
3004175 1001203
1000419 2021201
3004179 2024616
3004454 2015998
3000775 1000522
3002366 2000093
3005223 2021517
1002904 2008228
1003567 2029459
3002833 1002163
1003125 2021720
1001454 2000940
3006777 2015057
1004182 2006186
3002617 1003016
3005866 2005418
3006985 2005507
1002192 2015175
3000407 1003565
3004684 2019877
1001899 2028630
1003918 2026131
3007205 2000445
3003589 2010392
1000088 2002876
3007955 2022764
3001026 1002542
3001414 2017649
3003589 1003819
1004295 2026662
1002202 2026994
1003877 2027919
3007513 2031372
3003362 1004504
1000567 2003444
1002994 2027320
1001395 2029648
3003255 1002681
1003743 2014400
3006376 1003218
1003066 2014257
3001772 1001763
3003930 2005528
3005492 2002214
1003571 2013326
3003281 2022997
1000063 2005493
3002362 2009918
1004641 2016408
3007103 1003714
3005657 2005030
1004416 2031863
1000097 2031368
1004304 2023481
3001822 2032110
1002918 2018612
3002055 2022945
1002051 2029894
1004533 2015642
1001734 2014647
3007845 1001983
3004921 1001825
3003499 2027782
3004335 1002299
3002758 2031606
3006065 2009907
3002860 1003011
3004098 2002980
1000421 2008170
3006732 2027012
3003489 2029078
3006254 1000242
1000407 2010864
3005638 2019947
3001429 2024453
1003671 2010744
3004626 2006044
1001392 2024586
3002618 2027006
3000975 2015944
1003769 2004878
3005032 2009790
3007974 2011237
1004667 2018648
3000429 2024662
1002546 2007309
3007700 2020942
1004511 2002939
1004053 2004386
1001949 2031830
1001942 2023231
1002924 2008809
1004162 2003551
3007271 2013700
3006248 2003084
1000430 2015190
1003748 2013315
1002368 2025889
1004341 2004872
3005565 2009506
1004032 2000159
1002229 2029737
1000318 2016854
1000695 2029338
3003370 2004799
3001978 1002187
1004565 2013068
3007291 2018067
1001507 2023569
1000002 2002082
3007025 2015424
3005682 2011391
1000807 2013932
3002510 1004422
1001668 2031571
1000433 2029787
3003267 2020100
1003508 2021352
1001499 2000454
3003595 2012619
1002197 2010428
3007243 1004306
3005790 1002039
3005811 2000893
3007215 2008702
1002303 2014796
1001436 2026123
1004115 2010874
1000991 2012505
1001179 2000221
1000933 2026500
1000357 2026865
1002375 2024919
3002510 1004401
1002856 2020678
1001069 2004961
1000148 2013074
3000451 2030966
1003817 2006863
1000242 2028201
1001888 2000331
1001034 2001015
3001841 2021378
1003659 2025807
3007340 2000071
3001313 1004380
3000702 1003818
3005611 1001499
3006168 1002577
1003554 2009086
3004341 2023434
1000247 2014886
3005130 2019476
1002735 2020060
1003411 2011799
1001906 2015567
3003454 2017427
1001096 2013498
3003715 2024985
3000919 2002980
1003401 2028948
3002708 2013303
1004416 2021945
1004306 2030394
1003946 2017250
3007971 2027937
1004088 2029825
1003600 2022371
3006384 2006885
1000781 2030275
1002815 2029803
1004097 2019450
3003623 2009059
3006462 1002240
3000512 2003154
1000350 2024126
3000526 2022681
3007728 2027872
1003221 2007904
1000307 2006617
1002478 2000877
1001675 2032647
1002376 2000367
1002554 2026307
3002915 2017410
1004496 2013855
1002228 2008131
1000341 2001416
3005452 1000748
1002485 2001865
3003524 2005693
3003645 2022240
1004427 2029075
3005092 2025749
3002873 2020648
3000023 2019994
1002947 2005954
3000633 2000793
1003322 2017250
1000590 2020243
3004163 2008126
1004688 2022944
1004491 2025154
1001889 2003862
3007042 2026045
1003836 2016690
3003134 2010435
1000059 2028919
3005988 1002881
1000682 2017250
3007203 2029606
1001835 2030725
1004032 2031359
1002920 2008034
1001879 2023127
3000488 2000606
3003132 2015256
1000111 2029263
3002833 2008688
3000147 1000893
3004941 1003904
1004339 2025079
1003246 2032692
3006817 2025392
3004335 1000311
1003203 2015322
1003540 2013004
1001209 2003862
1001842 2031282
1003461 2006596
3001544 2018161
1000242 2029662
1001957 2024295
3001148 2031497
3006628 2021711
3004616 2018273
1000455 2031579
3002037 2015407
3005346 1000591
1000492 2020909
3001007 2031906
3004536 2016890
3000861 2014683
3005340 2025394
1001114 2006618
3001496 2008174
1002639 2020004
3006074 1004005
3006604 2024870
1001186 2019546
3007741 1002577
1004338 2031571
1001858 2000817
1004485 2002594
3005573 2013275
3003021 2026599
1002097 2005728
1002286 2004872
3006361 2024255
3007549 2007058
3000008 2002812
3005663 2012524
3003417 2014604
1004523 2026716
1004148 2025842
1001145 2013315
1003155 2026544
3007769 2014261
1002362 2004618
3003856 1002920
1000371 2029606
3002279 2017663
3000100 2015039
3005265 2002087
3004358 2002812
3007383 2004974
3006409 2017348
1000016 2031922
3003558 2005737
3004728 2022542
1002999 2027924
1004116 2004011
3003047 1001203
1004302 2020562
1003368 2003501
1003873 2029482
3004634 2006596
3004229 1002039
3003642 1000358
3006625 2012489
1003126 2017354
3004899 2026654
1004610 2009323
3006743 1004489
1001512 2004826
3002860 1003300
1000072 2013317
3006960 2015415
3002941 2028242
1004492 2015742
1000642 2020952
3005164 1003246
3000702 1001580
3006974 1000893
3001804 2018445
1002601 2016131
1002128 2023402
3002153 2029025
3000427 2028916
3002100 2022649
1004312 2012937
3002811 1003537
3000297 2000531
1001621 2025390
3003680 1001348
1000933 2021291
1001101 2007432
1002147 2001279
3007667 2005017
3001332 1004082
1001325 2014617
1004152 2024787
1002842 2016131
3006757 2002956
1000540 2002803
1000012 2008636
3007149 1001115
1001389 2005337
1000057 2004270
1001616 2010871
1003144 2010187
3002486 1003246
3000350 2016508
3007318 1002705
3001913 2000331
1001635 2009407
3006922 1004485
1000701 2028024
3001035 1004423
1004514 2006631
3005658 2010303
3004232 2013728
3007575 2026971
1000807 2014894
3004489 2020152
3007151 2020464
1004620 2027859
1004702 2021459
3002073 2013554
1000343 2024893
3001908 2030655
3001204 2022393
3004883 2002575
1003094 2011223
3004221 2007059
3002729 2018975
1001361 2028821
3001359 2023411
1003956 2029553
3007205 2025752
1003543 2016551
1001189 2007794
3000459 2020006
1003601 2007807
3007368 2016764
1003378 2025629
3003089 2026376
3001011 2006900
1002867 2018845
1000592 2029648
1000102 2003906
3000755 2013855
3006702 2001376
1004659 2030757
1000202 2016655
3000329 2006596
1002326 2000899
1001142 2030181
1001825 2030275
1000943 2011623
1003218 2000731
1001014 2020562
1001953 2027426
3001597 2026563
3007301 1001105
3007843 1001348
1000281 2011362
3006798 1003241
1004493 2022354
1001946 2014244
3002491 2007127
1003985 2020694
1000371 2025834
3001666 2001238
3001168 2025063
3002880 1002920
1003642 2013154
1002445 2004290
3001428 2023602
3007304 2006472
3003804 2019901
3007894 2012039
1000069 2004707
3005648 2011684
3002112 2004000
1000195 2019708
1000926 2002330
1002655 2032712
3000331 2010910
1001688 2025697
3007338 2010995
1002268 2022320
3003341 1002897
1002947 2014630
3006889 1002092
3005635 1000419
3000042 2014086
1003877 2012729
1004570 2010722
1000414 2014714
3004673 1002288
3006326 2008313
3002090 2011091
3006625 2016764
3005700 1002994
3005066 2009269
1002512 2022465
1002071 2025282
1003482 2027631
3001795 2011223
3006864 2027870
1000122 2012791
1004723 2001270
3006168 1002681
1001689 2012239
1001448 2000852
3005826 2023455
1000987 2026061
3003837 2006878
1000275 2027247
3002915 2015441
1002505 2003722
3005525 1003023
1004427 2023620
3000860 2028905
1000020 2031140
1004498 2009536
3005748 2023379
3007607 2025985
1001345 2020678
3000239 2017727
1003502 2031609
3005176 2017165
1003360 2023063
1002763 2008899
1002037 2015270
1000696 2030693
3001606 1001179
3003019 1000752
1003178 2000606
1000894 2010079
3005915 2012619
3001828 1000267
1000989 2007768
1000402 2019367
1000765 2008523
1001508 2017292
1003941 2004696
3005753 2001789
3005632 2013012
1002765 2015305
3003431 2027214
3000152 1004072
1000010 2027315
1002771 2022252
3007286 2002964
1004408 2028416
1000907 2025555
3002026 2016287
3002266 2015527
1002820 2012358
3004897 2030448
3005470 2007055
3000177 1004000
3003874 1001212
3003032 2029752
3007449 1002861
3001137 2014797
3001438 2019200
1000235 2002956
3002340 1000024
3000865 1001765
1002796 2031815
1002061 2008170
1003563 2005466
1000903 2002284
3002488 1003740
1003213 2008747
3001407 2006109
3007656 1001324
3004171 2018293
3001391 2007155
1001493 2002608
1003422 2015645
3007979 2008608
3005593 2017998
3002742 2003012
3001586 2031571
1001899 2023756
1001254 2020449
1002506 2006447
3007400 1001012
3003460 2008890
3005739 2012593
3006633 2005859
1002000 2024601
3007651 1000009
1001341 2004767
3002696 1003963
1003703 2003950
1002098 2000893
3000942 2000545
1003241 2025214
3007520 2004431
3002301 2031571
3004896 2013408
1002415 2016084
3004054 1001935
1003527 2005792
3002203 2007071
1004576 2012859
1001893 2028099
3005390 1001503
1003696 2022325
1004054 2018146
3008024 1001077
1002260 2025915
1002386 2032019
3004182 2023818
1002261 2027139
1004572 2003281
3003747 2010897
3005539 2031757
3005727 2012348
1000600 2018994
1001255 2012202
3005067 2007103
1003606 2025974
1004454 2021617
1002328 2023213
1001441 2031967
1002763 2026760
1003481 2031230
1003287 2023756
1000593 2002633
1002804 2000606
1000237 2015878
3000645 2027539
1003539 2018978
3001606 1004542
1001439 2021554
1002674 2007033
3006357 2003041
1004659 2027284
3001625 2014123
3007014 2002720
1002706 2014429
3007491 2002332
1000027 2009626
3007471 1002451
1001392 2014116
3007415 1001761
3003664 2027221
3004119 2022947
3000598 2022657
1000713 2010773
3007508 2032490
3002713 2024586
3005744 1000802
1001677 2014467
1002281 2019550
1001978 2023631
1002373 2027320
3004096 1002278
3006667 2031572
3002509 2025936
1001877 2021651
3005792 2000308
1000993 2014086
3004553 2018418
1001343 2015348
3002683 2018994
3006121 2032183
3000110 2006817
3004296 2019140
1003785 2005761
3004500 2010435
3002330 2031461
1001308 2021593
3002843 2005453
3007243 1003274
3003735 1000160
1004330 2022657
1000803 2005531
1004111 2027937
1003459 2010247
3000608 2022275
1001622 2010450
1000543 2022622
3000781 1002612
3004648 2019241
3002056 2007070
1004720 2016018
1002763 2019707
3005515 2010527
1003308 2001684
3001610 1002853
1002097 2029136
3004403 2002878
1001763 2009994
3007265 1004159
3001643 1001835
1003092 2019019
1003882 2018440
1001028 2026097
1001572 2021334
1003012 2024662
3000496 1003011
3005243 2009163
3006230 2003883
3000696 2026833
3000631 2001206
3004847 2021577
3002204 2020208
3006234 2005674
3002848 2026635
3001381 2016412
3004307 2018791
1002566 2012793
1002368 2019191
1000483 2019761
3003677 2025271
3004339 2008170
3000310 2008094
1003469 2000619
1002117 2030448
3004361 1002484
3000164 2019476
3005190 2011405
1003909 2026297
3007078 2025394
1004599 2024382
3007324 2032407
1000590 2012270
1002321 2025139
1000974 2030321
1003522 2004694
3005854 2022273
1000166 2003452
3003752 1003967
1003764 2020495
3003938 1003267
1001490 2029800
1001699 2020813
3005550 1001935
3000328 1003680
3006936 2001015
3003382 2015057
1004487 2014928
3001016 2024999
1003166 2028829
1002945 2024385
3003434 2016535
1002526 2021147
1001899 2030693
3005912 2007539
3001188 2007603
3002308 2005662
1004575 2032692
1000715 2015005
3000189 2009371
3001142 2024103
1004086 2000850
1003628 2017043
3001278 2015690
3003991 2022813
3007741 1003197
3006539 1003145
3001757 2029737
3007235 2017396
1002601 2028285
1001824 2011306
1002208 2032700
1000281 2020629
1004324 2016661
1004708 2029701
1000097 2003498
3001260 2008220
3006662 2014930
1000206 2005954
3000872 1000375
1002919 2031753
1004367 2006535
3005281 1000893
1004350 2025439
3005502 2003279
1001951 2030616
3005014 2005404
3003324 2019229
3001744 2018452
1000261 2021378
1000968 2000399
3006219 2029136
3001645 2006817
3006471 2025752
1003308 2020068
3000085 2026654
3006915 2024638
1002549 2019357
1004564 2016412
3007369 2025091
3002112 2029468
3002804 2019554
1000736 2001238
3000463 2015083
3005899 1002123
1004499 2005778
3000775 1003215
1004469 2030693
3003795 2026095
1001208 2016287
1001825 2020833
3006825 1003464
1004394 2028079
3005475 2030078
1002095 2005507
1003502 2030799
1004078 2000649
3006507 2008890
3001571 1004467
1004303 2001206
3006100 1001069
3004539 1000997
1003604 2014625
3007057 2025752
3001193 2008468
1001033 2012731
1001930 2008769
1000042 2008236
1000949 2001428
1002070 2010610
1003892 2031000
3006957 2029757
1002195 2020293
1003495 2011293
3006540 2008567
3004529 2032485
1002315 2031199
1004273 2012252
3004254 2028934
3001290 2021392
1003841 2025715
1004649 2002214
3002036 2014572
1003006 2004862
1000805 2032201
3005632 2006710
3001975 2001048
1003621 2001108
3003912 2001578
1004523 2032260
1003242 2005416
1002849 2008356
3007783 2026469
3006691 2013117
3000780 2013577
3000817 1004401
1000880 2009269
3002104 2013304
1002740 2004986
3000112 1001085
1001377 2008298
1002472 2000596
3002075 2022622
1000662 2001767
1001949 2016465
3007741 2014787
1003667 2015462
1004548 2001557
3005548 2011995
1000720 2018092
3000837 1003197
3001117 2019367
3001867 2031395
3007640 2004264
3001841 2002461
1001552 2026865
1003778 2007334
1001956 2014314
3006631 2021378
3007339 2029537
3004351 2032250
3001253 2024085
1004054 2002830
1002222 2025871
1002172 2021511
1000834 2029989
1004354 2012058
3006278 1003866
1000431 2032351
1000866 2014080
1002423 2017427
3007050 2000531
1004599 2007475
1000164 2025724
3006103 2003986
1003821 2029109
1003994 2031376
3007532 1003281
3005219 2001496
3004321 2023231
3007293 2002317
3001389 2031230
1001879 2023569
3001587 2004556
1004766 2025004
1001412 2022128
3005725 1003507
3000502 2002625
1000067 2010087
1002490 2000364
3000604 2015433
3007271 2010095
1003444 2002830
1000169 2002287
1003395 2003805
1004401 2010423
3003262 2029001
3007576 2019215
1001855 2026124
1002949 2018664
1001369 2002633
3000479 2002774
3003930 2014647
1003778 2019532
1000430 2013479
1004508 2000203
1000710 2031753
1003422 2013451
3004199 2008636
3000144 2004407
1004051 2029701
3003586 1003272
3003248 1002740
1003334 2000183
1003742 2025182
1000077 2013649
1003924 2006596
1004245 2028285
1004036 2025435
1001196 2019215
1001111 2013684
1002770 2032744
1003345 2011576
1004171 2011510
3001975 2005760
1002916 2005256
1001615 2019791
3007153 1003999
1003920 2001073
3001246 2017689
1002661 2005643
1003560 2023595
1001795 2005744
3001495 2008664
1002958 2028758
3002704 1004422
3002893 2026737
1002822 2005299
3001660 2029263
3007199 2008210
1000353 2015363
3003735 2005404
1002147 2004826
3005696 2030487
3000080 2012079
1001244 2007768
1004536 2019693
3000109 1004103
3004771 2021819
1001666 2023569
1004633 2017214
3005097 2026958
1000843 2014679
3005853 2025696
1000399 2005304
3005475 1003306
1001123 2018789
1000394 2009410
1001549 2028671
1002566 2007962
1002071 2028621
3005038 2022494
3004497 2018920
1001377 2010954
1001873 2015668
3001780 2019296
1003265 2032471
3007777 2032720
1002770 2014823
3002708 1001400
1000751 2004654
1001646 2011691
1004736 2027710
3002200 2010360
3004081 2028565
1001852 2000233
3006430 2004011
1002355 2003083
3001115 1000247
1000836 2007417
3007973 1003787
1002435 2016381
1001763 2007618
3006439 2028079
1002850 2008313
1003917 2028077
3006754 1002274
3002253 2004898
1004369 2013816
1004074 2002441
3005138 2026718
3006362 1000322
1003464 2031167
1004579 2006467
1003324 2029263
3000328 2015467
1003419 2006380
1000743 2020456
1000804 2028498
3006534 1001566
3002663 2029159
3007271 1003274
1003640 2004888
3003548 2032138
3005446 2027604
3008002 2005792
1000165 2007836
1001219 2023271
3003404 2016489
3004298 1000535
3006395 2003557
3003874 1004251
3003768 2013700
1003091 2023969
3002222 1001564
3007556 2032334
3003025 2031130
3004031 2029777
1002163 2020567
3006439 2028540
3007442 1002270
3004203 2017265
1001054 2001666
3001395 2015166
1000922 2022853
3006372 1002987
3005224 2023408
3001670 2028079
3001482 1004171
3001733 2022488
3005050 1003042
1001873 2019991
3006485 2021765
1000414 2000957
1003298 2031101
3002031 1000906
3005788 2024211
1003636 2021791
3005637 2008753
1000906 2012146
3000208 2003856
1001092 2010469
3005015 2012731
1003718 2011773
3003117 2028202
3000509 2020694
3006038 2006710
1002467 2027701
1001782 2017051
3000498 2012992
3004246 2023324
3006008 1003160
1002178 2024686
1004694 2018622
1002028 2015447
1000619 2005311
3002274 2027380
3004612 1001179
3006121 1003638
1002507 2014459
1001130 2023375
3006500 2005668
1003999 2025272
3001359 2014163
3007126 1002092
3007233 2025930
3000328 2027346
1002208 2002830
3001117 2011167
1001986 2012971
1004116 2006198
1004368 2018147
1002024 2021827
3002196 2005105
3003973 2014123
1003152 2031572
3000369 2021758
1001167 2002830
3003549 2030973
1002407 2010535
3007591 2028873
3006799 2002878
3003935 1004010
1002814 2025418
3007900 2017259
3001848 2031230
1004727 2011995
1003138 2015667
3007001 2022649
1002941 2032472
3001838 2017857
3001023 2003485
1004214 2028379
1002693 2010089
1004072 2030270
3007002 2011478
3002759 2013417
1003961 2018147
3005092 1003197
3005390 1003971
1004593 2009269
1004216 2019591
1003591 2014186
1001125 2009514
1001017 2032755
3003158 2016796
3000050 2004388
3007121 2021517
1002956 2008737
3002291 2006077
3003020 1003291
3006464 1000893
3003468 2002214
3007825 2008585
3002880 2016082
3003096 2022888
1002222 2007038
1004072 2021112
3001471 1002092
1004581 2029737
3007400 2020060
1000989 2000125
3001996 1004674
3005124 2006863
1004158 2031470
3005252 2016179
3000496 1001071
3003652 2024355
3007038 1001566
3003856 1000893
1000162 2019269
1004496 2017497
3001414 2032710
3003871 2010282
1000208 2031976
3005544 2006817
1001507 2014996
1001076 2012003
1000794 2009586
1003377 2014533
1002614 2005283
1003992 2016550
3000270 2032334
1002364 2004862
1000996 2016263
1004588 2030286
3002161 2018748
3006083 2003107
1004014 2008078
1001242 2005080
3003512 1002920
3005675 2016508
3007518 2009031
3001992 1001931
3007580 2000103
3003766 2005507
3004164 1002809
1003183 2006710
3004042 2017250
1004274 2013802
1004152 2020284
3000548 2015567
3001732 2011552
3003481 2029731
1002307 2029973
3006055 2013047
1002227 2029069
3004498 2018983
1003792 2008961
1004497 2001192
1004026 2031080
3004059 2003940
1003256 2020631
1001086 2031325
1004501 2015803
1002573 2009445
1002709 2023746
1001014 2009873
1002318 2006710
1002910 2032718
3003390 1004422
1001631 2018845
1001242 2030105
3005573 2028316
3000887 2023778
1003246 2014064
3004335 1001071
3001055 2005831
3002081 2008528
3007452 2011859
1004228 2009724
1002029 2029894
1001412 2012259
1002241 2023871
1003621 2029557
1004574 2017984
3000041 2027513
3003896 2024985
3005994 2029675
3005408 2016253
1003823 2003357
3003804 2020874
3000232 2025871
3000008 2026099
1000833 2001351
3002033 2000893
1003835 2011677
1002814 2022982
3006233 2004624
3004105 1003241
3007951 2010878
3004105 2009724
1002793 2019613
1002783 2019801
3003937 2025727
3005829 2000156
1002756 2002653
3004640 2030965
1003037 2006729
3001294 1004045
1004599 2023135
3000292 2005212
3003704 2019483
3003785 1000719
1002919 2011189
1001376 2005835
3007085 2020998
1000425 2030968
1002419 2015925
1001436 2029811
1003874 2014647
3004673 2004215
1003305 2016253
1002075 2006428
1000807 2024086
3000765 1002577
3006733 2005831
3001354 2030150
1000018 2010298
3000116 1000765
3001540 2024251
3000080 1004756
1001893 2007719
1002095 2022273
3001673 1003604
3006889 1003534
1000264 2024655
1000714 2011515
1001225 2011622
3004167 2006885
3002734 2022396
1003866 2027564
3002710 2029933
3002822 1000029
1004740 2010722
1001789 2005368
1003840 2016412
1001562 2032700
3004414 2001145
1002089 2011607
3002219 2010991
1001503 2019367
3001399 2022325
3003481 2023376
3004514 2003869
1003947 2027541
1001078 2009504
3007670 2013862
1003160 2020593
3000292 2012472
1003397 2000238
3002748 2025678
1004172 2008313
3007216 2012079
1003249 2001865
1004286 2029129
1001254 2001276
3007172 2000331
1003529 2017135
1001952 2009934
1001251 2012594
3004003 2029996
3002277 1003401
3001310 2019021
1001014 2014930
3007296 2008499
3000583 1000562
1001330 2007794
3002341 2029758
3001465 2000893
3003349 2013199
1000027 2000020
1004427 2016433
3002987 1000838
1004455 2001821
1004504 2021136
3003609 2011362
3006408 2006242
1000684 2003296
1000896 2016289
1001596 2025945
3007642 1003999
3000370 2023704
1003245 2014302
3000047 2026730
1001317 2031412
1002886 2014350
1002913 2010262
3004003 2018159
3002650 1000027
3007388 2001505
3005673 1004444
1003221 2016094
3003481 2028285
3007088 1000893
1002086 2020180
3002453 1004104
3002770 1000790
3007851 1001540
3006608 2007209
3001485 2031429
1004738 2012060
3001294 1004133
3002552 2031325
3001032 2029176
3007132 1002639
3003452 2023201
3003894 1001505
1002782 2010897
1003597 2020180
3006223 2015839
1003155 2031369
1003007 2000576
1002746 2001081
1004083 2022982
3002239 2008949
1001916 2021805
1001867 2031819
1003185 2030845
3001088 2013408
3007872 2030693
1004632 2009944
1002658 2029760
1002571 2012264
3004454 2010274
1000761 2006983
1001982 2019481
3006331 2021135
1004036 2025818
3003597 2007021
1000034 2011400
3006076 2020989
1002301 2020981
3006982 2008238
3001934 2008706
3005518 2006138
3006665 2015903
1002532 2004826
1000977 2010613
3005773 2001415
3006384 1000997
1001243 2026028
3002162 2024749
3007680 2023575
1001920 2029758
3003938 2016320
1000071 2014689
3002385 2025511
3001321 1003300
3001236 2014663
1000985 2020284
3000007 2015636
1002382 2024311
1002300 2032560
3003387 2018931
3000629 2007309
1001915 2019154
1002999 2019112
1004614 2015162
1002939 2029675
1002850 2009339
3006922 2020593
3006376 1000234
1001763 2013202
3005105 2022824
3002784 2006885
3003003 2007779
1001864 2003978
3002297 2009960
1001817 2001104
1000544 2029459
3006201 2010280
1000273 2008170
1001733 2019532
3000335 2016551
3005516 2017050
3000647 2008170
1002251 2000725
3007812 2006511
1000322 2023524
1000606 2005027
3004256 2018212
1000162 2028846
1001441 2011771
1004642 2001073
3005653 2007647
3005883 2023969
1004087 2006472
1001773 2008552
1003468 2020694
1000676 2032720
1000667 2021765
1002444 2017191
3001695 2014753
3007494 2016412
1003322 2009445
1002533 2022622
3002475 1004068
1003381 2024097
3002462 1002577
3001827 2021719
3003785 1002051
1004353 2023704
1000510 2019895
3000084 2014625
1004164 2032720
3003752 1004426
1003014 2015385
1004275 2031230
3002972 2014744
3004379 2016590
1000765 2024562
1001064 2015016
3002713 2031325
1000535 2013121
3003229 2016675
3000472 2015467
3002610 2021340
1001860 2019532
3000919 2011743
1000599 2020534
1001883 2013930
3004093 2025377
3002430 1000008
3006239 2016253
3007825 2018008
3004938 2020694
3000328 1004401
3004248 2030150
3005067 1002740
3000322 1003967
3004602 2031419
3003127 2008290
3001558 1003197
3007132 1003215
1001637 2010848
3004343 2006690
3000824 1004491
3003787 1003075
3002167 2002774
1000914 2021291
3005829 1001218
3005245 2032384
3006918 1000997
1000423 2029525
3006055 1000326
1004341 2004845
1003885 2031226
3002010 2002779
1001211 2030014
3006934 2013690
1004080 2010365
3005734 2015057
3005782 1003385
3006508 2000956
1001835 2008228
3002127 1002105
3000874 1003450
3002218 2023264
1001026 2014049
1003148 2014620
3006367 2021444
1003865 2019082
3000276 2014512
1002566 2015432
1001834 2002876
1003874 2027467
1002175 2005549
1003463 2022150
3001563 2011487
3000321 2012651
1004026 2010991
3005614 2024710
3001484 1004509
1004076 2012673
1002159 2023569
3000958 2002214
3005550 1001902
1000660 2030693
1004537 2010910
1001744 2011574
1000402 2029554
3006564 2023231
3001682 2017783
1003505 2010760
1000080 2001838
3006480 2020694
1000590 2027170
3004248 2020042
3001625 2000955
3002716 2004144
1001167 2003657
1001071 2022421
3006300 1003352
3005795 1003274
1002185 2027778
3007087 2015479
1002577 2021202
1004532 2024380
1000743 2008290
3000367 1001139
3004262 1004213
3001295 2022223
1000234 2006230
1003424 2018643
3007415 2027209
1002745 2020238
3004289 1000399
3001973 2000482
1001398 2004845
3007415 1001096
3003688 2013175
1003951 2008567
3006992 2015057
1003939 2023978
1000134 2029375
3005188 1003866
3006518 2010722
1003234 2004036
3000908 2005746
1001949 2018487
1004115 2011364
1003965 2006885
1003419 2007367
1004051 2022371
1001853 2029476
1001282 2032091
1002526 2009079
1000319 2021782
3005888 2019801
3001832 2002914
1000923 2015074
1003339 2026368
1003039 2019251
1004625 2001008
1002693 2008131
3005317 2016551
1000071 2015731
3000361 2000077
3001018 2024893
3000767 2007710
1004593 2006300
3005897 2022325
3005407 2005303
1004001 2007750
3005779 2002616
1001468 2017427
3004157 2021517
1000786 2012015
3006222 2007296
3001329 2020907
3001997 1003638
1001742 2021341
1003640 2017743
3008005 2005759
1003935 2012146
1002326 2027787
1001368 2004145
3001752 2009216
1003247 2020562
1002490 2021520
3005256 2003662
3000165 2015998
3004643 2021895
1001507 2018761
3007093 2005040
1003623 2002814
3000819 2004707
3001675 2009664
1000470 2023584
1004539 2030693
3002217 2016137
3006001 2030339
3006604 2011607
3001948 2024012
1003562 2029890
3002031 2025154
3005966 2001808
1000097 2008949
3002509 1000857
1000090 2017887
1002304 2005256
1001231 2009685
3006918 2001609
3001865 2005218
1003465 2012872
1000453 2012146
1000289 2021517
3001197 2019459
1001169 2011391
1002189 2028071
3005674 2032663
1000098 2018595
3006335 2013690
3004548 2010210
3007329 2015480
1002985 2028532
3007642 2021805
1000145 2032325
3003412 2013749
3007956 2001946
3006576 2014520
3003935 1000929
3000396 2011725
3001586 2011934
1002359 2013315
3006148 2017719
1003352 2011316
1000754 2021843
3001456 2022161
1002807 2007187
3000505 1003300
3000423 1002578
1001253 2014930
1000620 2007914
3004863 2010525
3001354 2014459
3007332 2016907
1002656 2005335
3002271 2011630
3004179 2005887
1000597 2012106
3002742 1004366
3000709 2004011
1003146 2007371
1001162 2014226
3000261 1001607
1004122 2016764
3000177 2022624
1001092 2003971
1000771 2007857
1000035 2004408
3000607 2014501
3005829 1000475
3004335 1000714
3003049 2000238
3001812 1000397
3006260 2016764
1000894 2005165
1000667 2015527
3007206 2012359
3007245 1003452
3000341 2029069
3004341 2024485
1000624 2007127
1004069 2020997
3000844 2016736
1002092 2007973
3002557 1002484
3004319 2023536
3002095 1003546
3008035 1004122
3006443 1003740
1002639 2008962
3000989 2015467
1003275 2011658
1001858 2030894
3006501 2012034
3003599 2003109
1003857 2000583
1001185 2028234
3000801 2032288
1000989 2016298
1001135 2024819
1004011 2025687
1004364 2025743
1001644 2012826
3006026 1001833
1002919 2016589
1003583 2016862
1001604 2023814
1002619 2023324
1001781 2000746
1000522 2004145
1001862 2022751
1002084 2029520
1002308 2029236
1000695 2007309
1004582 2028077
1004064 2005930
3003390 1003857
1000337 2012829
1004554 2030808
3003113 2022909
3005453 2025374
3000882 1002994
3001400 2019250
3004969 2021164
3000329 2014983
1004600 2000817
3004612 1003749
3005496 2000937
3000815 2003235
1001612 2003186
1000375 2030907
3003261 2024508
3002284 2028758
3004762 1004366
3007674 2014563
3000345 2019280
3001127 2002244
3005591 2016253
3006427 1001879
3004476 2020190
3003037 1002044
1004073 2020913
1002181 2016508
1002730 2006106
1002071 2028202
1003708 2016512
1001936 2005724
1002748 2008341
3005744 2014563
3003397 2020487
1003787 2011816
3001757 2006840
1000546 2014367
1003909 2005030
3001705 2016529
3003896 1000838
3001402 2006995
1002531 2030505
3006845 1001744
1004002 2003966
1000713 2029527
1001708 2005030
3004638 2004368
3000252 2004549
1003064 2015690
1001704 2005757
3007286 2029624
1001399 2019657
1001075 2000066
3000411 2004923
1001566 2004021
3007895 2031103
3000205 2017826
1004023 2007941
1003448 2024747
3002291 1001502
3005673 1000595
3007401 2022273
3006422 1003498
3000144 2013409
3007388 2004279
1000045 2011248
1002059 2028168
3007624 2001169
1003474 2010131
3005637 1003246
3003554 2026217
3005560 2001227
3000854 2005507
3007068 2019532
3003018 2020942
3004962 1002577
1001185 2017427
1002713 2016535
3006525 2020695
3003576 1001845
1000269 2006291
3001917 2024860
1003914 2021624
1004366 2009211
1003866 2031965
3007220 2022321
1003412 2007750
3003498 2005522
1000137 2022657
1002225 2023871
1001871 2005859
1000399 2010408
3006095 2026947
1003272 2010910
3006276 2021537
3006720 2012489
1000695 2001704
1001791 2002116
3002231 2016972
3001235 1001105
3005498 2003444
1002651 2013653
1001196 2003988
3001522 1000378
3002277 2021230
3002232 1004367
3002318 2018877
3006656 2024926
1000291 2008382
3007411 1000029
3005257 2028425
3001012 1003534
3002944 2026076
1002804 2004615
3003595 2011771
3001028 2030339
1004250 2013498
3004154 2024538
3001230 2031419
1000777 2022813
3007518 1003011
3003558 2018909
3003000 1003787
3006610 2024662
1000220 2001531
3006757 2023843
1001263 2016253
3005373 2006074
1000857 2016084
1002869 2023386
3007304 1000375
3004276 2009724
1003029 2023536
3004822 2027160
1002974 2018084
3006766 2002865
3004088 2028524
3004289 1002069
1002981 2020914
3006325 2008096
1003468 2026072
3004878 2017567
3000372 1000378
1001106 2007103
3007280 2020232
1001241 2016365
1004394 2007510
1001163 2012010
3002828 2000991
1002591 2001458
1002731 2006383
1002251 2002989
3005996 1004085
3006866 2008131
3007142 1004298
1003472 2001162
1001046 2018912
3000899 1003914
3003856 2001800
1000600 2013315
3003884 2005972
3002744 2014603
3005401 2025715
3007670 2010637
1000231 2023872
1001709 2017367
3007858 1002612
3007662 2024579
3001414 2029278
3005870 2013678
3002591 2004407
1003967 2004497
1000889 2015667
3004609 2023376
3005739 2023345
3003599 2003723
1002656 2029758
1000191 2016911
3004628 2001270
1004246 2032228
1000591 2023054
1000257 2017185
1002232 2028850
3006641 2014400
1004366 2023874
3007644 1001945
3007454 1004001
3000808 2016253
1002977 2031274
1000277 2026980
3006376 2018612
3003924 1000765
3000270 2018200
1000117 2029650
1001684 2020378
3006145 2019280
1004321 2004407
3001172 2012358
3006374 2009371
3000656 1002697
1003713 2009807
3005789 2025815
3002509 2005163
1001373 2019708
1001599 2032510
1004031 2002546
3000623 2031349
3006957 2003153
1004310 2013544
1001850 2025154
1001860 2017427
1000720 2032713
3006001 2016939
1002709 2024538
3005107 2018175
1002067 2019247
1000202 2004057
1002721 2023536
1000220 2031889
1003947 2007360
1002763 2030014
3005343 2024710
3001236 2029648
3001446 2028113
1002883 2020420
3001414 2030258
3007938 1001610
1003489 2024258
3000510 2001211
1004397 2000602
3002231 1000027
3002224 1001594
3007451 2016320
1004473 2031369
3006555 2013382
1003196 2028490
1000989 2015039
1002457 2007141
3002956 2000989
1000695 2032570
3007238 2016805
1002913 2011882
3004096 2025040
1003629 2026207
1003256 2019091
3006989 1004589
1000717 2007281
1002247 2011005
3007512 2009981
3003303 2007768
1002768 2030509
1002527 2017274
3003313 2007309
3007202 1000475
3003390 1004548
1003717 2006307
3007633 2030966
1001040 2018486
1003583 2016991
1000070 2009149
1001886 2032542
1003953 2015607
1000305 2009422
1001257 2023271
3006666 2014928
1002753 2024833
3002744 2031832
3002453 1002173
3002042 2015441
3004554 2011396
3004941 1003067
3003632 2010062
3007904 1003241
1002319 2012970
1003038 2030258
1001089 2017629
3006255 1000118
3007577 2019283
1004623 2010274
3003355 2029606
3002880 2016263
3000227 2001194
1002028 2016443
3007874 2027914
1001961 2002390
3007097 2024834
3001715 2002875
1002653 2003117
3006474 2029203
3002724 1003267
3001953 2004339
1004295 2019735
1000856 2009521
1001441 2028758
1002202 2030787
3004379 2001376
3005224 2028217
3007128 2016253
3001278 1001122
1001758 2005859
1002281 2029477
1003896 2008124
1003825 2027873
3003335 2014930
3005192 2027616
3005593 2004845
3003228 2026718
1000115 2001479
3006742 2026846
1003644 2025252
3004269 2023602
1002037 2011690
3004125 2000922
3006254 1002305
3004969 2023536
3002373 2023402
1003812 2012337
3002121 2018100
1000836 2013043
1004546 2015015
3006619 2008352
1003050 2008170
1000752 2027925
1002364 2014663
3003205 2003623
3002909 2024443
1001596 2007138
3006839 1002920
3004213 1004765
3007499 2030395
3007022 2000331
1002304 2009619
1002197 2011340
1002797 2032083
1003899 2004910
3003287 2008405
1004345 2014050
1003328 2014992
3005717 1001072
1001070 2031376
3000200 2009631
3006390 2025058
3000875 2015433
3005591 2006472
3000260 2031073
1002071 2015690
1004569 2008725
3001985 1003272
3002812 2013987
3000305 2024586
3004554 2001238
3007707 1000997
3006243 1001610
3001611 2030958
3005315 2031230
1002091 2021765
1001218 2014031
3002439 2002684
1001674 2009445
1001422 2017365
3001041 2007970
3006889 2028114
3001849 2015567
3002545 2019082
3004832 2024336
3006037 2019185
1002098 2028758
3005982 2017538
3000127 2006307
1000648 2009256
3004574 2028079
3001847 2014727
3001100 2024123
3002529 2007603
3001226 1004072
3003086 1003489
1002363 2029764
3002817 1004306
3000628 2014647
1002565 2014714
3001369 2008608
3006448 2005813
3007118 1004542
1002082 2031666
1002334 2029845
3002425 2009731
1001325 2032034
3004155 2001339
3006319 2002381
3005681 2000852
3000431 2009981
1002459 2021201
1002816 2002830
3000643 2029493
3002015 1003401
1000353 2009375
3006974 2029641
3007443 2021512
3000014 1003077
3007097 2031419
1001721 2022646
3005642 1002577
3001870 2015637
1003177 2012302
3006531 2002254
3000715 2014400
3003664 2018633
3001281 1004000
3002464 2012845
1001950 2003059
1000132 2020942
1001346 2013728
1000492 2010731
1001851 2026034
1000061 2009203
1003019 2010338
3006493 2013862
3006684 2017531
3007315 2017495
1002072 2017745
3004438 2028079
3005336 2016770
3007630 2017495
1003023 2018316
1000031 2004238
1000095 2002064
1002855 2018361
1002936 2017412
3007309 1004401
3002066 2028324
1003132 2000417
3006074 1000421
1000762 2013417
1001702 2029701
3001591 1004422
3003327 2006405
1003006 2020556
1001324 2010385
1000273 2019115
3001419 2029606
1004533 2005255
3005996 2024311
1003553 2013315
3007488 2022622
3005816 2026213
3002962 2023257
3003453 2008103
3005037 2026189
1001951 2025374
3002540 1000997
