262 582
363 576
122 420
259 744
212 712
262 824
17 773
63 469
404 894
367 859
103 739
49 650
363 848
368 650
98 773
163 565
368 819
98 876
348 619
17 876
197 755
209 472
349 465
193 538
363 722
363 824
270 432
212 712
104 540
10 859
323 679
225 652
363 848
304 546
203 576
106 565
103 744
349 465
167 572
250 824
159 523
147 548
292 859
169 520
270 432
291 687
118 860
34 417
368 817
169 599
212 586
9 523
9 519
278 565
268 518
262 713
9 545
436 824
106 824
220 824
172 848
9 597
68 555
49 808
212 488
212 586
258 834
225 411
355 894
220 824
104 568
132 841
287 773
85 677
195 894
159 523
65 540
177 877
345 803
104 773
220 824
63 894
192 540
452 850
85 445
263 493
147 718
169 544
278 609
217 612
436 786
52 817
262 561
10 810
13 547
315 881
278 894
45 490
205 829
85 894
246 648
104 540
278 587
436 474
167 465
236 894
104 424
163 523
370 584
315 565
390 735
231 545
335 723
230 480
259 744
383 563
195 894
159 894
228 685
436 764
436 588
726 548
366 698
86 903
228 685
187 881
105 485
296 436
278 824
112 418
220 492
66 566
398 460
234 540
256 545
261 480
152 417
104 727
225 422
80 583
65 835
278 714
57 848
208 855
245 620
403 556
154 656
406 648
300 545
328 655
108 589
151 714
302 704
172 659
116 841
195 475
275 831
133 832
104 697
315 468
386 442
28 426
183 675
278 894
36 810
363 848
217 665
43 657
317 815
366 632
60 833
174 509
259 733
155 545
204 753
301 620
108 448
85 744
89 508
302 608
347 538
52 495
56 711
235 523
75 611
256 545
323 687
124 807
386 660
224 769
50 892
343 565
139 714
213 728
187 714
317 815
355 894
285 861
132 778
104 723
170 771
726 792
726 726
374 861
429 805
191 687
125 739
406 748
342 873
7 549
81 492
106 545
273 492
57 779
85 837
324 741
165 836
278 714
132 878
200 861
317 815
10 851
125 602
9 714
452 452
98 876
84 419
175 841
293 529
60 882
344 411
284 565
726 726
134 630
278 630
188 896
360 492
235 666
38 561
248 484
7 687
220 492
360 881
329 765
89 557
213 454
236 723
158 576
346 875
221 667
70 453
395 829
392 718
50 848
257 896
638 714
281 876
384 809
67 802
130 898
23 463
11 803
352 673
196 859
278 714
278 715
20 667
407 416
52 687
305 577
11 803
243 435
47 834
395 533
37 728
31 636
35 900
12 466
7 631
250 657
50 673
239 762
86 821
195 475
50 768
371 761
330 887
281 704
392 687
132 686
153 676
250 896
159 888
106 545
220 492
276 834
52 687
156 635
399 511
222 896
129 425
101 491
262 561
141 709
204 672
172 659
4 882
4 882
118 878
186 760
370 741
343 581
2 701
240 539
317 841
341 865
113 601
429 880
20 545
26 765
118 691
63 611
246 655
278 645
189 739
204 672
117 492
192 613
109 461
252 847
343 568
545 545
358 861
429 876
94 667
89 425
71 448
306 462
392 492
344 480
312 428
686 773
353 657
247 514
135 554
95 815
726 726
276 845
144 866
245 620
395 829
99 695
160 728
343 684
118 613
299 682
101 889
182 417
187 492
64 887
140 794
281 852
726 451
29 858
6 742
393 887
231 540
91 611
244 621
161 622
90 543
365 531
11 483
278 803
339 507
405 550
142 856
274 688
268 518
88 629
395 641
320 707
334 476
328 720
172 634
119 757
62 838
287 600
34 714
252 635
196 848
400 521
86 658
369 643
26 687
8 862
74 731
86 579
278 736
47 741
178 501
287 600
317 815
176 814
297 534
391 825
353 486
326 425
399 413
48 897
87 680
9 443
155 517
716 716
156 646
149 754
74 450
30 414
173 482
436 841
254 515
327 613
215 580
340 547
343 633
276 745
322 726
54 532
127 849
137 848
227 603
0 504
157 843
168 578
201 842
326 425
148 543
3 740
187 881
179 532
226 411
63 469
295 655
220 638
238 482
359 890
314 555
406 763
364 879
283 747
381 884
25 868
262 561
78 839
246 536
183 687
267 683
373 783
18 733
388 649
367 611
182 564
184 724
780 780
5 527
297 605
150 840
267 772
279 804
726 726
55 811
256 423
289 653
61 877
189 663
319 440
614 614
353 667
211 722
363 479
213 719
169 784
113 459
24 722
338 444
273 759
357 611
202 449
303 848
33 706
199 447
185 700
396 465
256 480
182 483
242 613
402 595
394 531
333 826
153 821
337 806
79 749
128 664
32 876
429 429
110 704
307 864
314 552
354 623
253 433
318 828
111 559
308 793
310 705
387 661
2 700
331 607
385 625
73 738
219 455
387 785
316 766
369 626
377 782
210 723
290 842
76 526
82 535
380 471
124 693
51 498
84 419
265 651
321 458
276 666
716 716
219 639
252 527
198 854
219 438
48 689
241 788
314 562
208 774
280 692
112 899
218 480
394 531
382 571
248 484
198 570
331 594
298 515
356 624
298 515
94 457
15 776
216 649
502 502
92 524
181 617
314 640
214 901
255 799
266 560
223 870
61 536
58 732
11 803
408 846
77 558
260 700
203 522
93 430
86 903
27 863
282 690
277 856
249 800
314 823
250 790
184 781
59 523
156 635
902 902
59 440
72 668
251 670
171 516
332 816
109 525
350 573
86 856
311 812
21 756
206 767
321 530
387 788
187 714
321 847
136 431
31 818
126 766
351 678
372 737
102 542
166 789
46 510
287 600
82 627
19 628
31 551
198 464
51 590
133 782
180 513
131 493
175 841
436 436
273 726
409 506
61 677
233 674
229 671
286 620
220 492
190 893
40 512
16 891
751 751
53 567
350 573
401 537
22 758
378 618
269 734
329 844
387 702
397 503
164 592
145 410
14 796
42 787
107 473
143 467
243 592
376 446
309 710
294 775
313 699
146 487
159 801
288 410
1 721
362 742
15 871
392 750
264 791
114 497
369 626
123 797
204 672
2 415
321 777
69 604
237 421
232 412
97 770
83 481
375 654
273 726
194 610
271 883
325 494
361 675
121 585
138 500
207 470
100 730
379 616
128 664
336 874
272 637
162 605
41 895
96 681
220 598
39 575
115 574
120 822
262 1598
363 1527
122 1463
259 1235
212 1522
262 1019
17 958
63 1206
404 1448
367 1173
103 1194
49 1492
363 1123
368 999
98 1066
163 1316
368 1555
98 1181
348 1174
17 1097
197 1613
209 915
349 1409
193 981
363 1007
363 948
270 1249
212 1482
104 1067
10 1406
323 979
225 952
363 1043
304 1428
203 1415
106 1564
103 1457
349 1137
167 991
250 1473
159 1219
147 1438
292 1452
169 1196
270 1249
291 1414
118 1499
34 1621
368 1392
169 1169
212 1404
9 1400
9 1116
278 1552
268 1006
262 1188
9 1423
436 1274
106 1374
220 1587
172 1251
9 1530
68 1442
49 1464
212 1182
212 969
258 1238
225 1547
355 1108
220 1046
104 1576
132 1057
287 1054
85 956
195 1314
159 908
65 916
177 1099
345 1465
104 1341
220 1518
63 1335
192 1121
452 1435
85 940
263 1028
147 1064
169 1213
278 1100
217 1422
436 1071
52 1421
262 1367
10 1375
13 937
315 959
278 941
45 1390
205 1355
85 1277
246 1382
104 932
278 1248
436 1470
167 1301
236 1315
104 1354
163 1540
370 1107
315 1155
390 920
231 917
335 1569
230 1254
259 1235
383 1105
195 1407
159 1410
228 1320
436 1420
436 1167
726 1596
366 1290
86 1370
228 1135
187 1289
105 1085
296 1270
278 992
112 975
220 1453
66 1125
398 1347
234 1622
256 1102
261 1014
152 994
104 1628
225 1166
80 1560
65 1553
278 1283
57 1226
208 1593
245 936
403 1575
154 1388
406 1623
300 1117
328 1122
108 934
151 1488
302 1381
172 1164
116 1397
195 993
275 1148
133 1459
104 1399
315 1493
386 1113
28 1313
183 1376
278 1129
36 1549
363 1579
217 1257
43 1026
317 972
366 1326
60 1551
174 1095
259 1519
155 996
204 1426
301 1510
108 1136
85 1202
89 1268
302 1333
347 1143
52 912
56 1605
235 1556
75 1246
256 1554
323 1411
124 911
386 1056
224 1589
50 1264
343 1047
139 1536
213 1627
187 1101
317 1372
355 998
285 1417
132 1344
104 1391
170 1580
726 955
726 925
374 1236
429 1160
191 1112
125 1083
406 1065
342 1132
7 1608
81 919
106 1230
273 1349
57 1588
85 1147
324 963
165 1163
278 1285
132 1000
200 1138
317 922
10 1590
125 944
9 1058
452 929
98 1181
84 1389
175 909
293 1559
60 1106
344 965
284 913
726 1393
134 1557
278 1445
188 1472
360 1501
235 1543
38 1186
248 1258
7 990
220 1120
360 930
329 935
89 1078
213 1436
236 1282
158 1363
346 1489
221 974
70 1092
395 950
392 1378
50 1513
257 1350
638 1022
281 938
384 1031
67 995
130 1013
23 1201
11 1618
352 1460
196 1214
278 1529
278 1041
20 1239
407 1490
52 1291
305 1601
11 1292
243 1001
47 976
395 1362
37 1087
31 997
35 927
12 1497
7 1021
250 1296
50 1466
239 1032
86 1383
195 1280
50 1402
371 1017
330 1287
281 1467
392 1151
132 1485
153 1503
250 1318
159 931
106 1230
220 1558
276 1165
52 1052
156 1217
399 947
222 914
129 1306
101 1418
262 1048
141 1479
204 1304
172 1164
4 1425
4 1425
118 933
186 921
370 1141
343 1359
2 1606
240 946
317 1614
341 1545
113 986
429 1573
20 1053
26 1154
118 1225
63 1342
246 1261
278 1538
189 1615
204 1304
117 1144
192 1262
109 961
252 1454
343 1146
545 1597
358 1539
429 985
94 1088
89 1010
71 1269
306 1034
392 1040
344 1039
312 1311
686 1035
353 1276
247 1384
135 1532
95 1338
726 1004
276 1368
144 1386
245 936
395 950
99 1305
160 1505
343 1232
118 1272
299 1029
101 1090
182 1293
187 1170
64 1565
140 982
281 1299
726 906
29 1427
6 1185
393 1364
231 1586
91 1609
244 1331
161 1504
90 939
365 1038
11 1339
278 1244
339 1528
405 962
142 1517
274 1531
268 1006
88 1412
395 1127
320 971
334 943
328 1491
172 1203
119 1253
62 978
287 1234
34 1592
252 1624
196 1115
400 1157
86 988
369 1439
26 1308
8 1563
74 954
86 1247
278 1267
47 1184
178 980
287 1234
317 1260
176 1523
297 1462
391 1288
353 1265
326 1227
399 1449
48 1480
87 1149
9 1229
155 1600
716 1379
156 1562
149 1033
74 1440
30 1242
173 949
436 1055
254 1534
327 1003
215 1036
340 1524
343 1233
276 1175
322 1561
54 1159
127 1168
137 1571
227 1471
0 964
157 1199
168 1118
201 928
326 1227
148 983
3 1294
187 1134
179 1366
226 1617
63 1206
295 1220
220 1345
238 1373
359 1604
314 1369
406 1086
364 1583
283 1319
381 1089
25 1179
262 1478
78 1080
246 1541
183 1284
267 1130
373 1546
18 1140
388 1059
367 1468
182 970
184 1307
780 1348
5 1221
297 1446
150 1321
267 1189
279 1340
726 1496
55 1351
256 910
289 966
61 1068
189 977
319 1042
614 1192
353 904
211 1310
363 1507
213 1037
169 1625
113 1079
24 1611
338 1408
273 957
357 1109
202 1266
303 1176
33 1451
199 989
185 1572
396 1252
256 1343
182 1476
242 1286
402 1124
394 1024
333 1153
153 1309
337 1128
79 1278
128 1011
32 1567
429 1550
110 1191
307 1025
314 1131
354 1424
253 1441
318 1002
111 1323
308 1073
310 1009
387 1204
2 1515
331 1443
385 1626
73 1494
219 1114
387 1051
316 1346
369 1525
377 1156
210 1511
290 1255
76 1162
82 1607
380 1512
124 905
51 1514
84 1126
265 1020
321 1295
276 1356
716 1581
219 1332
252 1195
198 1574
219 1330
48 973
241 1429
314 1458
208 1096
280 1094
112 1091
218 1297
394 1061
382 1271
248 1258
198 1360
331 1324
298 1082
356 1578
298 1419
94 1023
15 1281
216 907
502 1110
92 1430
181 1322
314 1484
214 1483
255 1015
266 1074
223 924
61 1371
58 1303
11 1292
408 1237
77 1045
260 960
203 1432
93 1584
86 1370
27 1474
282 1222
277 1240
249 1198
314 1325
250 1469
184 1568
59 1063
156 1217
902 1098
59 945
72 967
251 1495
171 1158
332 1228
109 1119
350 1241
86 1273
311 1595
21 1352
206 1245
321 1187
387 968
187 923
321 1582
136 1477
31 1172
126 1401
351 1357
372 1602
102 1103
166 1413
46 1610
287 1150
82 1447
19 1218
31 1205
198 1263
51 1072
133 1358
180 1526
131 1509
175 909
436 1211
273 1210
409 1012
61 1437
233 1279
229 987
286 1178
220 1183
190 1585
40 1577
16 1018
751 1275
53 1398
350 1243
401 1329
22 984
378 1049
269 1259
329 1537
387 1396
397 1385
164 1111
145 1298
14 1365
42 1612
107 1431
143 1629
243 1455
376 1302
309 1104
294 1394
313 1334
146 1380
159 1619
288 1224
1 1570
362 1461
15 1353
392 1180
264 1209
114 1145
369 1215
123 1093
204 1304
2 1077
321 1487
69 1444
237 1361
389 1317
232 1207
97 1212
83 1387
375 1416
273 1139
194 951
271 1336
325 1521
361 1208
121 1481
138 1498
207 1475
100 1506
379 1171
44 1069
128 1011
336 1566
272 1050
162 1060
41 1084
96 1177
220 1027
39 1450
115 1620
120 1456
582 1598
576 1527
420 1463
744 1235
712 1522
824 1019
773 958
469 1206
894 1448
859 1173
739 1194
650 1492
848 1123
650 999
773 1066
565 1316
819 1555
876 1181
619 1174
876 1097
755 1613
472 915
465 1409
538 981
722 1007
824 948
432 1249
712 1482
540 1067
859 1406
679 979
652 952
848 1043
546 1428
576 1415
565 1564
744 1457
465 1137
572 991
824 1473
523 1219
548 1438
859 1452
520 1196
432 1249
687 1414
860 1499
417 1621
817 1392
599 1169
872 1405
586 1404
523 1400
519 1116
565 1552
518 1006
713 1188
545 1423
824 1274
824 1374
824 1587
848 1251
597 1530
555 1442
808 1464
488 1182
586 969
834 1238
411 1547
894 1108
824 1046
568 1576
841 1057
773 1054
677 956
894 1314
523 908
540 916
813 1256
877 1099
803 1465
773 1341
824 1518
894 1335
869 1548
540 1121
553 1075
850 1435
445 940
493 1028
718 1064
544 1213
489 1008
609 1100
612 1422
786 1071
817 1421
561 1367
810 1375
547 937
881 959
894 941
490 1390
829 1355
894 1277
648 1382
540 932
644 1434
587 1248
474 1470
465 1301
894 1315
424 1354
523 1540
584 1107
565 1155
735 920
545 917
723 1569
480 1254
744 1235
563 1105
894 1407
894 1410
685 1320
764 1420
725 918
588 1167
548 1596
698 1290
903 1370
685 1135
881 1289
485 1085
436 1270
824 992
418 975
492 1453
566 1125
460 1347
540 1622
545 1102
480 1014
417 994
729 1062
727 1628
867 1197
422 1166
583 1560
496 1533
835 1553
714 1283
848 1226
855 1593
620 936
556 1575
656 1388
648 1623
545 1117
655 1122
441 926
589 934
714 1488
704 1381
659 1164
841 1397
475 993
831 1148
832 1459
697 1399
468 1493
442 1113
426 1313
675 1376
894 1129
810 1549
848 1579
665 1257
657 1026
815 972
632 1326
833 1551
509 1095
733 1519
532 1535
545 996
753 1426
620 1510
448 1136
744 1202
508 1268
608 1333
538 1143
495 912
711 1605
523 1556
611 1246
545 1554
687 1411
807 911
477 1544
660 1056
769 1589
892 1264
565 1047
714 1536
728 1627
714 1101
815 1372
894 998
861 1417
778 1344
723 1391
771 1580
792 955
726 925
861 1236
820 1377
805 1160
687 1112
739 1083
748 1065
873 1132
549 1608
492 919
437 1005
743 1216
545 1230
492 1349
779 1588
669 1616
837 1147
741 963
836 1163
714 1285
878 1000
861 1138
815 922
851 1590
602 944
714 1058
452 929
885 1200
876 1181
419 1389
841 909
529 1559
882 1106
505 1152
853 1337
411 965
565 913
726 1393
630 1557
630 1445
896 1472
492 1501
666 1543
561 1186
484 1258
687 990
492 1120
881 930
765 935
557 1078
454 1436
723 1282
694 1486
576 1363
875 1489
667 974
453 1092
829 950
718 1378
848 1513
896 1350
714 1022
876 938
809 1031
802 995
898 1013
463 1201
803 1618
673 1460
859 1214
714 1529
715 1041
667 1239
416 1490
687 1291
577 1601
803 1292
435 1001
834 976
533 1362
728 1087
636 997
900 927
466 1497
631 1021
657 1296
673 1466
762 1032
821 1383
475 1280
768 1402
761 1017
887 1287
704 1467
687 1151
686 1485
676 1503
896 1318
888 931
545 1230
492 1558
834 1165
687 1052
635 1217
511 947
439 1016
896 914
425 1306
491 1418
561 1048
709 1479
672 1304
659 1164
882 1425
882 1425
878 933
760 921
741 1141
581 1359
701 1606
539 946
841 1614
865 1545
601 986
880 1573
545 1053
765 1154
746 1030
691 1225
611 1342
655 1261
645 1538
739 1615
672 1304
492 1144
613 1262
461 961
847 1454
568 1146
545 1597
861 1539
876 985
667 1088
425 1010
448 1269
462 1034
492 1040
480 1039
428 1311
773 1035
657 1276
593 1591
514 1384
554 1532
815 1338
726 1004
845 1368
866 1386
620 936
829 950
695 1305
728 1505
684 1232
613 1272
456 1603
682 1029
889 1090
417 1293
492 1170
887 1565
794 982
852 1299
451 906
858 1427
742 1185
887 1364
540 1586
611 1609
621 1331
622 1504
543 939
531 1038
483 1339
803 1244
507 1528
550 962
856 1517
688 1531
518 1006
629 1412
795 1500
641 1127
707 971
476 943
720 1491
634 1203
757 1253
838 978
600 1234
714 1592
635 1624
848 1115
521 1157
658 988
643 1439
687 1308
862 1563
731 954
579 1247
736 1267
830 1599
741 1184
501 980
600 1234
815 1260
814 1523
798 1231
534 1462
825 1288
486 1265
425 1227
456 1603
413 1449
897 1480
680 1149
443 1229
517 1600
716 1379
646 1562
754 1033
450 1440
662 1508
414 1242
482 949
841 1055
515 1534
613 1003
580 1036
547 1524
633 1233
745 1175
726 1561
532 1159
849 1168
848 1571
642 1190
603 1471
576 1250
504 964
843 1199
578 1118
842 928
425 1227
543 983
740 1294
881 1134
532 1366
411 1617
647 1328
827 1300
469 1206
655 1220
638 1345
717 1312
482 1373
890 1604
555 1369
763 1086
879 1583
747 1319
884 1089
868 1179
561 1478
839 1080
536 1541
708 1594
687 1284
683 1130
783 1546
733 1140
649 1059
611 1468
564 970
485 1433
724 1307
478 1516
780 1348
527 1221
605 1446
696 1081
840 1321
752 1542
772 1189
804 1340
726 1496
811 1351
423 910
653 966
877 1068
663 977
440 1042
614 1192
667 904
722 1310
479 1507
719 1037
784 1625
459 1079
722 1611
444 1408
759 957
611 1109
449 1266
848 1176
706 1451
606 1133
447 989
700 1572
465 1252
480 1343
703 1161
483 1476
613 1286
595 1124
531 1024
826 1153
821 1309
806 1128
471 1142
749 1278
886 1070
664 1011
876 1567
429 1550
704 1191
864 1025
552 1131
623 1424
433 1441
828 1002
559 1323
793 1073
705 1009
661 1204
700 1515
607 1443
615 1395
625 1626
738 1494
499 1403
455 1114
785 1051
766 1346
626 1525
782 1156
723 1511
842 1255
526 1162
535 1607
471 1512
693 905
498 1514
419 1126
651 1020
458 1295
666 1356
716 1581
639 1332
527 1195
854 1574
438 1330
689 973
434 1044
788 1429
562 1458
774 1096
692 1094
899 1091
480 1297
531 1061
528 1502
569 1076
571 1271
484 1258
570 1360
594 1324
515 1082
624 1578
515 1419
457 1023
776 1281
649 907
502 1110
524 1430
617 1322
640 1484
901 1483
799 1015
560 1074
870 924
536 1371
732 1303
803 1292
846 1237
558 1045
700 960
522 1432
430 1584
903 1370
863 1474
690 1222
856 1240
800 1198
823 1325
790 1469
781 1568
523 1063
596 1223
635 1217
902 1098
440 945
668 967
713 1193
670 1495
516 1158
816 1228
525 1119
573 1241
856 1273
812 1595
756 1352
767 1245
530 1187
788 968
714 923
847 1582
431 1477
818 1172
766 1401
678 1357
737 1602
542 1103
789 1413
510 1610
600 1150
627 1447
857 942
628 1218
551 1205
464 1263
590 1072
782 1358
513 1526
493 1509
841 909
436 1211
726 1210
506 1012
677 1437
674 1279
671 987
620 1178
492 1183
893 1585
512 1577
891 1018
751 1275
567 1398
573 1243
537 1329
758 984
618 1049
734 1259
844 1537
702 1396
503 1385
592 1111
410 1298
796 1365
787 1612
473 1431
467 1629
592 1455
446 1302
710 1104
775 1394
699 1334
487 1380
801 1619
410 1224
721 1570
742 1461
871 1353
750 1180
427 1327
591 1520
791 1209
497 1145
626 1215
797 1093
672 1304
415 1077
777 1487
604 1444
421 1361
412 1207
541 953
770 1212
481 1387
654 1416
726 1139
610 951
883 1336
494 1521
675 1208
585 1481
500 1498
470 1475
730 1506
616 1171
664 1011
874 1566
637 1050
605 1060
895 1084
681 1177
598 1027
575 1450
574 1620
822 1456
1598 1632
1598 1651
1598 1646
1598 1630
1527 1632
1527 1638
1463 1651
1463 1647
1463 1650
1463 1644
1463 1646
1463 1633
1463 1645
1235 1632
1235 1651
1235 1630
1522 1651
1522 1646
1019 1640
1019 1645
958 1632
958 1651
958 1630
1206 1632
1206 1651
1206 1638
1448 1651
1448 1647
1448 1650
1448 1644
1448 1646
1173 1632
1173 1651
1173 1646
1173 1630
1173 1638
1194 1632
1194 1651
1194 1630
1492 1651
1492 1647
1492 1644
1492 1630
1123 1632
1123 1648
1123 1640
1123 1638
999 1651
999 1647
999 1650
999 1644
1066 1632
1066 1651
1066 1630
1316 1632
1316 1651
1316 1630
1555 1651
1555 1647
1555 1650
1555 1640
1555 1644
1555 1646
1181 1651
1181 1640
1181 1644
1181 1646
1174 1632
1174 1651
1174 1640
1174 1630
1097 1632
1097 1651
1097 1630
1613 1632
1613 1651
1613 1647
1613 1650
1613 1640
1613 1644
1613 1630
915 1651
915 1647
915 1650
915 1644
915 1630
1409 1651
1409 1647
1409 1644
1409 1646
981 1632
981 1651
981 1630
1007 1651
1007 1640
1007 1630
948 1632
948 1651
948 1630
948 1638
1249 1632
1249 1651
1249 1640
1249 1652
1249 1630
1482 1651
1482 1646
1067 1640
1067 1646
1067 1645
1406 1632
1406 1651
1406 1630
979 1651
979 1644
979 1646
979 1639
952 1647
952 1650
952 1644
952 1646
1043 1632
1043 1651
1428 1651
1428 1647
1428 1650
1428 1644
1428 1646
1428 1633
1415 1632
1415 1651
1415 1630
1415 1638
1564 1632
1564 1640
1564 1636
1564 1634
1457 1632
1457 1651
1457 1630
1137 1632
1137 1651
1137 1647
1137 1650
1137 1644
1137 1646
991 1632
991 1640
991 1639
991 1630
1473 1651
1473 1640
1473 1638
1473 1637
1219 1632
1219 1639
1219 1638
1438 1632
1438 1651
1438 1647
1438 1650
1438 1644
1452 1651
1452 1630
1452 1638
1196 1651
1196 1644
1196 1646
1196 1639
1249 1632
1249 1651
1249 1640
1249 1652
1249 1630
1414 1632
1414 1651
1414 1646
1499 1651
1499 1640
1499 1646
1621 1632
1621 1651
1621 1646
1621 1630
1392 1651
1392 1647
1392 1650
1392 1644
1392 1646
1169 1651
1169 1640
1169 1630
1169 1638
1405 1632
1405 1651
1405 1648
1404 1632
1404 1651
1404 1640
1404 1646
1400 1651
1400 1640
1400 1630
1116 1632
1116 1640
1116 1645
1552 1632
1552 1639
1552 1630
1552 1638
1006 1632
1006 1651
1006 1638
1188 1632
1188 1630
1423 1635
1423 1648
1423 1640
1274 1640
1274 1637
1374 1651
1374 1640
1374 1638
1587 1635
1587 1650
1587 1648
1587 1640
1251 1640
1251 1636
1251 1645
1251 1634
1530 1640
1530 1636
1530 1634
1442 1632
1442 1651
1442 1630
1464 1651
1464 1647
1464 1650
1464 1644
1182 1632
1182 1651
1182 1640
1182 1646
969 1632
969 1651
969 1640
969 1646
1238 1632
1238 1640
1238 1630
1238 1638
1547 1632
1547 1651
1547 1647
1547 1644
1108 1651
1108 1647
1108 1650
1108 1644
1108 1646
1046 1648
1046 1640
1046 1638
1576 1648
1576 1640
1576 1639
1576 1638
1057 1632
1057 1651
1057 1638
1054 1632
1054 1651
1054 1648
1054 1639
1054 1638
956 1635
956 1640
956 1631
1314 1651
1314 1640
1314 1645
908 1632
908 1639
908 1638
916 1648
916 1638
1256 1648
1256 1640
1256 1652
1256 1639
1256 1638
1099 1640
1099 1636
1099 1634
1465 1650
1465 1640
1465 1642
1465 1633
1341 1648
1341 1640
1341 1636
1341 1639
1341 1638
1518 1639
1518 1638
1335 1648
1335 1640
1335 1638
1548 1632
1548 1651
1548 1648
1548 1640
1548 1630
1548 1638
1121 1632
1121 1640
1121 1634
1075 1650
1075 1644
1075 1646
1435 1649
1435 1640
940 1635
940 1640
1028 1651
1028 1647
1028 1640
1028 1644
1028 1633
1064 1651
1064 1647
1064 1640
1064 1644
1064 1646
1213 1640
1213 1630
1213 1638
1008 1648
1008 1640
1008 1639
1100 1640
1100 1636
1100 1638
1422 1635
1422 1640
1422 1636
1422 1634
1071 1651
1071 1640
1071 1634
1421 1651
1421 1640
1421 1646
1367 1651
1367 1640
1367 1630
1367 1638
1375 1651
1375 1644
1375 1646
1375 1645
937 1647
937 1650
937 1644
959 1635
959 1640
959 1638
941 1632
941 1640
941 1634
1390 1651
1390 1647
1390 1650
1390 1644
1355 1632
1355 1630
1277 1651
1277 1640
1277 1636
1382 1640
1382 1633
1382 1645
932 1640
1434 1648
1434 1640
1434 1639
1248 1651
1248 1630
1248 1638
1470 1648
1470 1640
1470 1639
1470 1638
1470 1637
1301 1632
1301 1640
1301 1646
1301 1634
1315 1648
1315 1640
1315 1646
1315 1639
1354 1648
1354 1640
1354 1639
1354 1638
1540 1632
1540 1639
1540 1638
1107 1650
1107 1640
1107 1630
1155 1648
1155 1640
1155 1638
920 1647
920 1644
920 1646
917 1632
917 1648
917 1640
917 1638
1569 1632
1569 1651
1569 1647
1569 1650
1569 1644
1569 1646
1254 1651
1254 1650
1254 1640
1254 1642
1235 1632
1235 1651
1235 1630
1105 1632
1105 1651
1105 1650
1105 1645
1105 1630
1407 1650
1407 1640
1410 1635
1410 1640
1410 1638
1320 1635
1320 1640
1420 1632
918 1632
918 1651
918 1640
918 1630
1167 1632
1167 1648
1167 1640
1167 1638
1596 1648
1596 1640
1596 1639
1596 1638
1290 1640
1290 1639
1290 1645
1290 1634
1370 1648
1370 1640
1370 1645
1135 1640
1135 1645
1289 1648
1289 1640
1085 1640
1085 1633
1085 1645
1270 1632
1270 1652
1270 1638
992 1635
992 1648
992 1640
975 1640
975 1634
1453 1635
1453 1648
1453 1640
1125 1651
1125 1647
1125 1650
1125 1644
1125 1646
1347 1650
1347 1640
1347 1645
1622 1640
1622 1646
1622 1652
1102 1648
1102 1640
1102 1639
1102 1638
1014 1635
1014 1640
1014 1631
994 1632
994 1640
994 1638
1062 1648
1062 1640
1628 1640
1628 1639
1628 1638
1197 1648
1197 1640
1197 1639
1166 1632
1166 1651
1166 1647
1166 1650
1166 1640
1166 1644
1166 1630
1560 1648
1560 1639
1560 1638
1533 1640
1533 1645
1533 1630
1553 1648
1553 1640
1553 1638
1283 1632
1283 1651
1283 1646
1226 1651
1226 1648
1226 1640
1226 1637
1593 1640
1593 1645
1593 1634
936 1632
936 1651
936 1640
1575 1640
1575 1639
1575 1630
1388 1632
1388 1651
1388 1640
1388 1630
1388 1638
1623 1648
1623 1640
1623 1639
1623 1638
1117 1648
1117 1640
1117 1638
1122 1650
1122 1640
1122 1645
926 1640
926 1646
926 1652
926 1639
934 1635
934 1640
934 1636
934 1638
1488 1632
1488 1651
1488 1648
1488 1640
1488 1639
1488 1638
1381 1648
1381 1640
1381 1638
1164 1632
1164 1651
1164 1636
1397 1640
1397 1639
1397 1638
993 1651
993 1650
993 1630
1148 1632
1148 1635
1148 1640
1148 1638
1148 1634
1459 1652
1459 1639
1459 1638
1399 1635
1399 1640
1493 1632
1493 1651
1493 1640
1493 1645
1493 1634
1113 1635
1113 1640
1113 1642
1313 1648
1313 1638
1376 1640
1376 1636
1376 1638
1129 1640
1129 1636
1129 1638
1549 1632
1549 1651
1549 1640
1549 1645
1549 1638
1579 1640
1579 1639
1579 1630
1579 1638
1257 1632
1257 1651
1257 1640
1257 1638
1026 1640
1026 1638
972 1651
972 1647
972 1650
972 1648
972 1644
1326 1650
1326 1645
1551 1632
1551 1640
1551 1646
1095 1632
1095 1651
1095 1640
1095 1646
1095 1634
1519 1632
1519 1651
1519 1630
1519 1638
1535 1650
1535 1644
1535 1630
996 1635
996 1640
996 1631
1426 1652
1426 1639
1426 1630
1510 1640
1510 1631
1136 1648
1136 1640
1136 1638
1202 1632
1202 1635
1202 1640
1202 1631
1268 1640
1333 1640
1333 1630
1333 1638
1143 1650
912 1632
912 1651
1605 1635
1605 1640
1605 1631
1556 1651
1556 1640
1556 1637
1246 1648
1246 1640
1246 1639
1246 1638
1554 1635
1554 1640
1554 1636
1554 1645
1411 1635
1411 1648
1411 1640
911 1635
911 1640
911 1634
1544 1648
1544 1640
1544 1639
1544 1638
1056 1648
1056 1640
1589 1635
1589 1640
1589 1636
1589 1634
1264 1651
1264 1647
1264 1644
1264 1646
1047 1640
1047 1638
1536 1632
1536 1651
1536 1646
1536 1630
1627 1640
1627 1645
1101 1640
1101 1634
1372 1651
1372 1650
1372 1648
1372 1640
998 1651
998 1647
998 1650
998 1644
998 1646
1417 1635
1417 1640
1417 1631
1344 1632
1344 1651
1344 1638
1391 1648
1391 1640
1391 1639
1391 1638
1580 1632
1580 1630
1580 1638
955 1648
955 1640
955 1639
955 1638
925 1640
925 1631
1236 1640
1236 1645
1377 1640
1377 1631
1160 1650
1160 1646
1160 1645
1112 1635
1112 1648
1112 1640
1083 1640
1083 1639
1083 1645
1083 1634
1065 1632
1065 1648
1065 1640
1065 1639
1065 1638
1132 1650
1132 1640
1132 1644
1608 1650
1608 1640
1608 1646
1608 1645
919 1632
919 1650
919 1648
919 1638
1005 1650
1005 1640
1216 1648
1216 1640
1216 1638
1230 1640
1230 1636
1230 1634
1349 1648
1349 1640
1588 1635
1588 1640
1588 1642
1588 1645
1616 1651
1616 1640
1616 1639
1616 1630
1616 1638
1147 1640
963 1651
963 1647
963 1650
963 1644
963 1646
963 1633
963 1645
1163 1635
1163 1648
1163 1640
1163 1636
1163 1642
1285 1632
1285 1651
1000 1632
1000 1638
1138 1635
1138 1650
1138 1640
1138 1636
922 1650
922 1640
1590 1632
1590 1650
944 1640
944 1645
1058 1630
1058 1638
929 1649
1200 1648
1200 1640
1200 1630
1200 1638
1181 1651
1181 1640
1181 1644
1181 1646
1389 1632
1389 1650
1389 1648
1389 1642
909 1648
909 1640
909 1639
909 1638
1559 1651
1559 1640
1559 1636
1106 1632
1106 1640
1106 1646
1106 1639
1106 1630
1106 1638
1152 1650
1152 1644
1337 1650
965 1651
965 1650
965 1648
965 1642
913 1640
1393 1640
1557 1632
1557 1638
1445 1635
1445 1640
1445 1636
1472 1640
1501 1648
1501 1640
1501 1638
1543 1648
1543 1640
1543 1638
1186 1632
1186 1635
1186 1640
1186 1636
1186 1645
1186 1637
1258 1646
1258 1652
1258 1639
990 1635
990 1640
990 1644
1120 1635
1120 1648
1120 1640
930 1648
930 1640
935 1635
935 1640
935 1636
1078 1640
1436 1640
1436 1645
1282 1648
1282 1640
1486 1647
1486 1650
1486 1644
1363 1640
1363 1631
1489 1640
1489 1636
1489 1634
974 1635
974 1640
974 1631
1092 1648
1092 1640
1092 1639
1092 1645
950 1640
950 1645
1378 1650
1378 1640
1378 1646
1513 1651
1513 1647
1513 1644
1513 1646
1350 1651
1350 1650
1350 1652
1350 1630
1022 1632
1022 1651
1022 1646
1022 1630
938 1640
938 1645
938 1630
1031 1635
1031 1640
1031 1636
995 1640
1013 1640
1013 1638
1013 1634
1201 1640
1201 1636
1201 1642
1201 1645
1201 1634
1618 1651
1618 1640
1618 1638
1460 1647
1460 1650
1460 1646
1460 1633
1214 1650
1214 1640
1214 1645
1529 1632
1529 1651
1041 1640
1041 1630
1239 1648
1239 1640
1239 1652
1239 1638
1490 1635
1490 1640
1490 1636
1291 1646
1291 1645
1601 1640
1601 1645
1292 1632
1292 1648
1292 1640
1292 1638
1001 1635
1001 1648
1001 1640
1001 1636
976 1635
976 1640
976 1636
1362 1650
1362 1640
1362 1642
1362 1645
1087 1640
1087 1646
1087 1645
1087 1630
997 1652
997 1639
997 1638
927 1651
927 1635
927 1640
1497 1632
1497 1650
1497 1648
1497 1646
1021 1640
1296 1640
1466 1651
1466 1647
1466 1646
1032 1651
1032 1640
1032 1637
1383 1640
1383 1652
1280 1651
1280 1650
1280 1630
1402 1651
1402 1647
1402 1644
1402 1646
1017 1640
1017 1634
1287 1640
1467 1650
1467 1640
1151 1651
1151 1650
1151 1640
1485 1632
1485 1652
1485 1630
1503 1635
1503 1640
1503 1636
1503 1642
1318 1650
1318 1640
1318 1645
931 1640
931 1636
931 1638
1230 1640
1230 1636
1230 1634
1558 1635
1558 1640
1558 1631
1165 1651
1165 1635
1165 1640
1165 1638
1052 1635
1052 1650
1052 1640
1217 1640
947 1640
947 1639
1016 1635
1016 1648
1016 1640
1016 1638
914 1650
1306 1640
1306 1636
1306 1634
1418 1646
1418 1652
1418 1638
1048 1632
1048 1651
1048 1630
1479 1640
1479 1644
1479 1633
1479 1645
1304 1652
1304 1638
1164 1632
1164 1651
1164 1636
1425 1640
1425 1639
1425 1645
1425 1638
1425 1640
1425 1639
1425 1645
1425 1638
933 1640
933 1645
921 1640
1141 1650
1141 1640
1359 1650
1359 1640
1359 1645
1606 1640
946 1650
946 1640
946 1645
1614 1651
1614 1650
1614 1640
1614 1645
1545 1640
1545 1646
1545 1634
986 1632
986 1650
986 1639
1573 1650
1053 1640
1154 1640
1154 1644
1030 1650
1030 1648
1030 1640
1225 1632
1225 1640
1225 1645
1342 1640
1261 1635
1261 1640
1261 1636
1261 1645
1538 1640
1615 1635
1615 1640
1615 1638
1615 1634
1304 1652
1304 1638
1144 1640
1144 1634
1262 1648
1262 1640
1262 1638
961 1635
961 1640
961 1645
1454 1651
1454 1635
1454 1640
1454 1636
1454 1634
1146 1651
1146 1644
1146 1646
1146 1645
1597 1635
1597 1640
1539 1648
1539 1640
985 1640
985 1645
985 1638
1088 1640
1088 1645
1010 1640
1269 1640
1269 1636
1269 1638
1269 1634
1034 1649
1034 1642
1040 1640
1040 1630
1039 1650
1039 1648
1311 1650
1311 1648
1311 1640
1035 1650
1035 1648
1035 1639
1276 1640
1276 1639
1276 1638
1591 1640
1591 1636
1591 1638
1384 1640
1384 1630
1532 1640
1532 1639
1532 1638
1338 1650
1338 1646
1338 1645
1004 1640
1004 1637
1368 1640
1368 1645
1386 1650
936 1632
936 1651
936 1640
950 1640
950 1645
1305 1635
1305 1640
1505 1640
1505 1645
1232 1650
1232 1640
1232 1645
1272 1640
1272 1645
1603 1640
1029 1635
1029 1640
1029 1636
1029 1634
1090 1635
1090 1640
1090 1645
1293 1640
1293 1638
1170 1648
1170 1640
1565 1630
1565 1638
982 1640
982 1639
982 1630
982 1638
1299 1650
1299 1640
1299 1646
906 1640
906 1636
906 1634
1427 1640
1185 1632
1185 1648
1185 1639
1185 1638
1364 1640
1364 1645
1586 1632
1586 1648
1586 1640
1586 1645
1586 1638
1609 1648
1609 1640
1609 1639
1331 1651
1331 1640
1331 1645
1504 1640
1504 1634
939 1648
939 1640
939 1633
1038 1632
1038 1640
1038 1634
1339 1652
1244 1651
1244 1640
1244 1638
1528 1647
1528 1650
1528 1648
1528 1640
1528 1644
962 1632
962 1651
962 1630
1517 1635
1517 1640
1517 1634
1531 1650
1531 1640
1531 1644
1531 1646
1531 1633
1006 1632
1006 1651
1006 1638
1412 1640
1412 1645
1500 1632
1500 1651
1500 1635
1500 1640
1500 1636
1127 1635
1127 1640
971 1651
971 1650
971 1640
943 1651
943 1640
943 1638
943 1634
1491 1640
1491 1646
1491 1645
1203 1632
1203 1651
1203 1640
1203 1645
1253 1640
978 1640
978 1636
978 1634
1234 1650
1234 1648
1592 1632
1592 1651
1592 1646
1592 1630
1624 1640
1624 1645
1624 1634
1115 1635
1115 1640
1115 1631
1157 1648
1157 1640
988 1651
988 1640
988 1636
988 1634
1439 1650
1439 1646
1439 1652
1308 1640
1308 1645
1563 1635
1563 1640
1563 1636
954 1648
954 1640
1247 1651
1247 1639
1247 1630
1267 1644
1267 1630
1599 1650
1184 1640
980 1632
980 1640
980 1636
980 1634
1234 1650
1234 1648
1260 1650
1260 1640
1523 1650
1231 1650
1231 1648
1231 1640
1231 1639
1231 1645
1462 1648
1462 1640
1288 1640
1288 1642
1288 1639
1288 1645
1265 1635
1265 1640
1227 1648
1227 1640
1227 1638
1603 1640
1449 1640
1449 1645
1480 1632
1480 1651
1480 1650
1480 1648
1149 1650
1149 1648
1149 1640
1149 1639
1229 1652
1229 1630
1600 1640
1600 1644
1600 1633
1600 1645
1379 1649
1379 1640
1562 1632
1562 1635
1562 1640
1562 1636
1562 1645
1562 1634
1033 1646
1033 1652
1033 1639
1033 1638
1440 1640
1508 1632
1508 1651
1508 1647
1508 1640
1508 1646
1508 1630
1242 1640
949 1651
949 1640
949 1638
1055 1648
1055 1640
1534 1651
1534 1650
1534 1644
1534 1633
1003 1648
1003 1640
1003 1638
1036 1635
1036 1640
1036 1644
1036 1633
1036 1645
1524 1650
1524 1640
1233 1651
1233 1640
1175 1640
1175 1652
1175 1630
1175 1638
1561 1635
1561 1648
1561 1640
1159 1650
1159 1640
1159 1645
1168 1651
1571 1648
1571 1640
1190 1651
1190 1640
1190 1646
1190 1639
1471 1651
1471 1647
1471 1644
1471 1646
1250 1640
1250 1645
964 1632
964 1647
964 1630
1199 1635
1199 1640
1199 1631
1118 1640
928 1650
928 1640
1227 1648
1227 1640
1227 1638
983 1647
983 1635
983 1640
983 1634
1294 1640
1294 1638
1134 1648
1134 1640
1366 1650
1366 1640
1366 1645
1617 1640
1617 1642
1617 1645
1328 1648
1328 1640
1328 1638
1300 1632
1300 1640
1300 1646
1300 1645
1206 1632
1206 1651
1206 1638
1220 1640
1220 1645
1345 1640
1312 1632
1312 1648
1312 1640
1312 1638
1373 1640
1373 1633
1373 1645
1604 1632
1604 1648
1604 1638
1369 1650
1086 1640
1086 1639
1086 1634
1583 1632
1583 1648
1583 1640
1583 1638
1319 1648
1319 1640
1089 1635
1089 1640
1179 1635
1179 1640
1179 1642
1478 1632
1478 1630
1080 1640
1080 1645
1541 1635
1541 1640
1541 1631
1594 1648
1594 1640
1594 1638
1284 1640
1284 1634
1130 1635
1130 1648
1130 1640
1130 1637
1546 1650
1546 1644
1546 1646
1546 1633
1140 1640
1059 1648
1059 1640
1059 1633
1059 1645
1059 1638
1468 1648
1468 1640
1468 1639
1468 1638
970 1640
970 1631
1433 1640
1433 1636
1433 1645
1433 1634
1307 1635
1307 1640
1307 1636
1307 1638
1516 1648
1516 1640
1516 1639
1348 1650
1348 1640
1348 1642
1348 1633
1221 1632
1221 1651
1221 1637
1446 1649
1081 1650
1081 1640
1081 1645
1321 1638
1321 1634
1542 1650
1542 1645
1189 1650
1189 1648
1189 1640
1340 1635
1340 1640
1340 1642
1340 1645
1496 1639
1496 1637
1351 1640
1351 1642
910 1640
966 1650
966 1640
966 1636
966 1645
1068 1650
1068 1640
977 1648
977 1640
977 1638
1042 1650
1042 1640
1042 1631
1192 1650
1192 1640
904 1635
904 1640
1310 1635
1310 1640
1507 1639
1507 1638
1037 1640
1037 1642
1625 1651
1625 1650
1625 1640
1625 1645
1079 1650
1079 1652
1611 1640
1611 1639
1408 1650
1408 1648
1408 1640
1408 1639
1408 1645
957 1637
1109 1640
1109 1639
1109 1630
1266 1640
1176 1640
1176 1638
1451 1650
1451 1652
1133 1650
1133 1648
1133 1639
989 1644
1572 1640
1252 1640
1252 1645
1343 1640
1161 1648
1161 1640
1476 1640
1286 1640
1286 1630
1286 1638
1124 1648
1124 1640
1124 1639
1024 1648
1024 1640
1153 1648
1153 1640
1309 1640
1128 1632
1128 1640
1128 1636
1128 1638
1128 1634
1142 1640
1142 1644
1278 1640
1278 1644
1070 1648
1070 1640
1011 1640
1011 1652
1011 1639
1567 1640
1550 1650
1550 1645
1191 1640
1191 1645
1025 1651
1025 1640
1025 1636
1025 1638
1025 1634
1131 1640
1424 1650
1441 1649
1441 1642
1002 1640
1323 1650
1323 1640
1073 1640
1073 1644
1073 1636
1073 1633
1009 1640
1009 1634
1204 1635
1204 1640
1204 1636
1515 1640
1515 1645
1443 1640
1443 1636
1443 1645
1443 1634
1395 1650
1395 1640
1395 1634
1626 1640
1494 1650
1403 1640
1403 1642
1114 1635
1114 1648
1114 1640
1114 1636
1051 1640
1346 1640
1346 1639
1346 1638
1525 1650
1525 1646
1525 1652
1525 1638
1156 1632
1156 1647
1156 1648
1156 1630
1156 1638
1511 1649
1255 1640
1255 1642
1162 1648
1162 1640
1607 1640
1512 1650
1512 1644
905 1640
905 1652
1514 1640
1514 1637
1126 1650
1020 1632
1020 1651
1020 1638
1295 1640
1295 1644
1295 1646
1295 1645
1356 1640
1581 1648
1581 1649
1581 1640
1332 1640
1332 1645
1195 1651
1195 1640
1195 1634
1574 1650
1574 1640
1574 1645
1330 1640
973 1640
973 1634
1044 1647
1044 1650
1429 1632
1429 1651
1429 1645
1429 1637
1458 1640
1458 1645
1096 1640
1096 1645
1094 1644
1094 1646
1094 1633
1091 1640
1091 1645
1297 1650
1297 1640
1061 1640
1061 1639
1061 1638
1502 1650
1502 1640
1502 1652
1502 1630
1502 1638
1076 1640
1271 1640
1258 1646
1258 1652
1258 1639
1360 1650
1360 1642
1360 1645
1324 1651
1324 1644
1324 1646
1324 1633
1082 1650
1578 1650
1578 1640
1578 1645
1419 1650
1419 1637
1023 1640
1023 1645
1281 1649
1281 1636
1281 1631
907 1650
907 1633
907 1645
1110 1649
1430 1640
1322 1650
1322 1640
1322 1645
1484 1640
1484 1645
1483 1650
1483 1640
1483 1645
1015 1640
1015 1645
1074 1650
1074 1649
1074 1634
924 1649
1371 1648
1371 1640
1303 1647
1303 1644
1303 1646
1303 1642
1292 1632
1292 1648
1292 1640
1292 1638
1237 1640
1237 1645
1237 1634
1045 1650
1045 1640
960 1648
960 1640
1432 1632
1432 1651
1432 1630
1432 1638
1584 1632
1584 1650
1370 1648
1370 1640
1370 1645
1474 1635
1474 1648
1474 1640
1474 1645
1222 1640
1222 1638
1240 1640
1240 1631
1198 1647
1198 1650
1198 1640
1325 1640
1325 1645
1469 1640
1469 1638
1568 1651
1568 1649
1568 1640
1568 1631
1063 1648
1063 1649
1223 1650
1217 1640
1098 1647
1098 1635
1098 1649
1098 1640
1098 1636
1098 1634
945 1649
945 1634
967 1649
967 1636
1193 1650
1193 1640
1193 1630
1495 1632
1495 1648
1495 1640
1158 1648
1158 1640
1158 1643
1158 1639
1158 1638
1228 1649
1228 1640
1228 1636
1228 1641
1119 1635
1119 1648
1119 1649
1119 1636
1119 1638
1241 1640
1273 1650
1595 1650
1595 1652
1595 1638
1352 1648
1352 1640
1245 1640
1245 1645
1187 1650
1187 1640
1187 1645
968 1640
968 1645
968 1634
923 1640
923 1639
923 1638
1582 1650
1582 1640
1477 1632
1172 1643
1172 1639
1172 1645
1172 1638
1401 1648
1401 1640
1401 1638
1357 1649
1357 1634
1602 1650
1602 1640
1602 1644
1103 1650
1103 1640
1103 1645
1413 1650
1413 1640
1413 1644
1610 1647
1610 1644
1610 1646
1610 1633
1150 1650
1150 1648
1447 1640
942 1640
942 1630
1218 1632
1218 1635
1218 1640
1218 1636
1205 1640
1205 1643
1205 1639
1205 1638
1263 1640
1263 1643
1072 1640
1072 1644
1358 1652
1358 1639
1358 1638
1526 1632
1526 1645
1526 1638
1509 1640
909 1648
909 1640
909 1639
909 1638
1211 1648
1211 1640
1211 1638
1210 1637
1012 1650
1012 1640
1437 1648
1437 1640
1437 1638
1279 1632
1279 1648
1279 1638
987 1640
987 1645
987 1634
1178 1640
1178 1631
1183 1648
1183 1640
1585 1649
1577 1649
1018 1635
1018 1648
1018 1649
1018 1636
1275 1648
1275 1649
1275 1634
1398 1651
1398 1635
1398 1649
1398 1640
1243 1648
1243 1640
1243 1645
1329 1640
984 1640
984 1639
1049 1648
1049 1640
1049 1645
1259 1649
1259 1634
1537 1640
1396 1638
1396 1637
1385 1649
1385 1640
1385 1631
1111 1632
1111 1651
1111 1646
1111 1630
1298 1650
1298 1633
1298 1645
1365 1649
1365 1636
1365 1642
1612 1649
1431 1632
1431 1640
1431 1638
1629 1650
1629 1633
1455 1650
1455 1640
1302 1635
1302 1649
1302 1631
1104 1632
1104 1651
1104 1640
1394 1649
1394 1631
1334 1650
1334 1648
1380 1650
1380 1639
1380 1638
1619 1640
1619 1636
1619 1634
1224 1650
1224 1633
1224 1645
1570 1649
1461 1650
1461 1640
1461 1642
1461 1645
1353 1649
1353 1631
1180 1651
1180 1650
1180 1646
1327 1640
1327 1646
1327 1630
1327 1638
1520 1647
1520 1650
1520 1640
1209 1640
1145 1640
1145 1636
1145 1634
1215 1646
1215 1652
1093 1649
1093 1631
1304 1652
1304 1638
1077 1648
1077 1640
1487 1650
1487 1645
1444 1635
1444 1649
1444 1642
1361 1648
1361 1640
1361 1645
1317 1649
1207 1640
1207 1645
953 1648
953 1640
1212 1649
1387 1649
1416 1640
1416 1645
1416 1634
1139 1632
1139 1640
1139 1637
951 1640
951 1646
1336 1640
1336 1645
1336 1630
1521 1648
1521 1649
1208 1640
1481 1640
1481 1644
1498 1640
1498 1645
1475 1649
1506 1640
1506 1642
1506 1645
1171 1647
1171 1650
1171 1644
1069 1649
1069 1644
1011 1640
1011 1652
1011 1639
1566 1649
1050 1635
1050 1649
1050 1642
1060 1649
1084 1649
1177 1650
1177 1645
1027 1649
1027 1642
1450 1650
1620 1648
1620 1640
1456 1650
1456 1640
